0.00	-0.108	-0.002	-3.87	0.00	-3.87	0.00	-5.72	-5.72	0	0	0	0
0.01	-0.108	-0.004	-3.75	-0.38	-3.75	-0.38	-5.28	-5.28	0	0	0	0
0.02	-0.108	-0.006	-3.66	-1.54	-3.66	-1.92	-3.72	-3.15	0	0	0	0
0.03	-0.108	-0.009	-3.57	-2.31	-3.57	-3.08	-2.61	-1.44	0	0	0	0
0.04	-0.108	-0.013	-3.43	-3.46	-3.43	-3.46	-0.80	-0.70	0	0	0	0
0.05	-0.108	-0.016	-3.31	-3.46	-3.31	-3.46	-0.63	-0.53	0	0	0	0
0.06	-0.108	-0.018	-3.23	-3.85	-3.23	-3.08	0.07	-0.97	0	0	0	0
0.07	-0.108	-0.021	-3.13	-3.08	-3.13	-3.08	-0.87	-0.83	0	0	0	0
0.08	-0.108	-0.023	-3.08	-3.46	-3.08	-3.08	-0.22	-0.76	0	0	0	0
0.09	-0.108	-0.024	-3.04	-3.08	-3.04	-2.69	-0.70	-1.27	0	0	0	0
0.10	-0.108	-0.024	-3.04	-3.08	-3.04	-3.08	-0.70	-0.73	0	0	0	0
0.11	-0.108	-0.025	-3.02	-2.69	-3.02	-2.69	-1.23	-1.26	0	0	0	0
0.12	-0.108	-0.025	-3.01	-2.69	-3.01	-2.31	-1.24	-1.84	0	0	0	0
0.13	-0.108	-0.025	-3.00	-2.69	-3.00	-3.08	-1.26	-0.75	0	0	0	0
0.14	-0.108	-0.025	-3.01	-2.31	-3.01	-2.31	-1.87	-1.90	0	0	0	0
0.15	-0.108	-0.024	-3.03	-2.31	-3.03	-2.69	-1.95	-1.41	0	0	0	0
0.16	-0.108	-0.024	-3.05	-2.31	-3.05	-2.31	-2.04	-2.04	0	0	0	0
0.17	-0.108	-0.023	-3.07	-2.69	-3.07	-2.69	-1.56	-1.56	0	0	0	0
0.18	-0.108	-0.023	-3.06	-2.31	-3.06	-2.31	-2.14	-2.14	0	0	0	0
0.19	-0.108	-0.023	-3.09	-3.08	-3.09	-2.31	-1.11	-2.25	0	0	0	0
0.20	-0.108	-0.022	-3.11	-2.31	-3.11	-1.92	-2.28	-2.92	0	0	0	0
0.21	-0.108	-0.022	-3.13	-3.08	-3.13	-2.69	-1.23	-1.89	0	0	0	0
0.22	-0.108	-0.021	-3.14	-2.31	-3.14	-3.08	-2.39	-1.37	0	0	0	0
0.23	-0.108	-0.021	-3.15	-3.08	-3.15	-3.08	-1.33	-1.39	0	0	0	0
0.24	-0.108	-0.021	-3.14	-3.08	-3.14	-2.69	-1.33	-1.96	0	0	0	0
0.25	-0.108	-0.022	-3.12	-3.08	-3.12	-2.69	-1.30	-1.96	0	0	0	0
0.26	-0.108	-0.023	-3.08	-3.08	-3.08	-3.08	-1.25	-1.37	0	0	0	0
0.27	-0.108	-0.024	-3.03	-2.69	-3.03	-3.08	-1.74	-1.29	0	0	0	0
0.28	-0.108	-0.026	-2.97	-2.69	-2.97	-3.08	-1.68	-1.20	0	0	0	0
0.29	-0.108	-0.028	-2.90	-2.69	-2.90	-3.08	-1.60	-1.09	0	1	0	0
0.30	-0.108	-0.030	-2.83	-2.69	-2.83	-2.31	-1.51	-2.11	0	1	0	0
0.31	-0.108	-0.032	-2.75	-3.08	-2.75	-3.08	-0.83	-0.89	0	1	0	0
0.32	-0.108	-0.035	-2.66	-2.31	-2.66	-2.31	-1.82	-1.88	0	1	0	0
0.33	-0.108	-0.037	-2.59	-3.08	-2.59	-3.08	-0.59	-0.65	0	1	0	0
0.34	-0.108	-0.039	-2.52	-2.69	-2.52	-2.69	-1.02	-1.08	0	1	0	0
0.35	-0.108	-0.041	-2.45	-2.69	-2.45	-2.69	-0.91	-0.97	0	1	0	0
0.36	-0.108	-0.042	-2.40	-2.31	-2.40	-2.31	-1.39	-1.45	0	1	0	0
0.37	-0.108	-0.043	-2.37	-2.31	-2.37	-2.31	-1.34	-1.40	0	1	0	0
0.38	-0.108	-0.044	-2.34	-2.31	-2.34	-2.31	-1.31	-1.37	0	1	0	0
0.39	-0.108	-0.044	-2.32	-2.69	-2.32	-2.31	-0.72	-1.35	0	1	0	0
0.40	-0.108	-0.045	-2.31	-1.92	-2.31	-2.31	-1.80	-1.33	0	1	0	0
0.41	-0.108	-0.045	-2.30	-2.31	-2.30	-1.92	-1.26	-1.89	0	1	0	0
0.42	-0.108	-0.045	-2.29	-2.31	-2.29	-1.92	-1.23	-1.90	0	1	0	0
0.43	-0.108	-0.046	-2.27	-1.92	-2.27	-2.31	-1.77	-1.33	0	1	0	0
0.44	-0.108	-0.047	-2.24	-1.92	-2.24	-1.92	-1.76	-1.85	0	1	0	0
0.45	-0.108	-0.048	-2.21	-1.92	-2.21	-1.92	-1.74	-1.83	0	1	0	0
0.46	-0.108	-0.048	-2.18	-1.54	-2.18	-2.31	-2.29	-1.24	0	1	0	0
0.47	-0.108	-0.049	-2.16	-1.92	-2.16	-1.92	-1.74	-1.77	0	1	0	0
0.48	-0.108	-0.050	-2.13	-2.31	-2.13	-1.92	-1.14	-1.74	0	1	0	0
0.49	-0.108	-0.050	-2.12	-2.31	-2.12	-2.31	-1.12	-1.18	0	1	0	0
0.50	-0.108	-0.050	-2.12	-2.31	-2.12	-1.54	-1.09	-2.29	0	1	0	0
0.51	-0.108	-0.050	-2.12	-1.92	-2.12	-1.92	-1.65	-1.77	0	1	0	0
0.52	-0.108	-0.050	-2.12	-1.92	-2.12	-1.92	-1.66	-1.79	0	1	0	0
0.53	-0.108	-0.050	-2.12	-2.31	-2.12	-1.92	-1.12	-1.81	0	1	0	0
0.54	-0.108	-0.050	-2.13	-2.31	-2.13	-1.92	-1.11	-1.84	0	1	0	0
0.55	-0.108	-0.050	-2.14	-1.92	-2.14	-1.92	-1.68	-1.87	0	1	0	0
0.56	-0.108	-0.050	-2.14	-1.92	-2.14	-2.31	-1.70	-1.32	0	1	0	0
0.57	-0.108	-0.050	-2.14	-2.31	-2.14	-1.92	-1.14	-1.87	0	1	0	0
0.58	-0.108	-0.050	-2.15	-2.31	-2.15	-2.31	-1.15	-1.33	0	1	0	0
0.59	-0.108	-0.049	-2.16	-1.92	-2.16	-1.92	-1.73	-1.91	0	1	0	0
0.60	-0.108	-0.049	-2.17	-1.92	-2.17	-2.31	-1.76	-1.38	0	1	0	0
0.61	-0.108	-0.048	-2.19	-2.31	-2.19	-2.31	-1.24	-1.39	0	1	0	0
0.62	-0.108	-0.048	-2.21	-2.31	-2.21	-1.92	-1.25	-1.97	0	1	0	0
0.63	-0.108	-0.047	-2.22	-1.92	-2.22	-1.92	-1.84	-2.02	0	1	0	0
0.64	-0.108	-0.047	-2.23	-1.92	-2.23	-2.31	-1.87	-1.48	0	1	0	0
0.65	-0.108	-0.047	-2.23	-2.31	-2.23	-2.31	-1.32	-1.48	0	1	0	0
0.66	-0.108	-0.048	-2.19	-2.31	-2.19	-2.31	-1.27	-1.42	0	1	0	0
0.67	-0.108	-0.049	-2.17	-1.92	-2.17	-2.31	-1.79	-1.37	0	1	0	0
0.68	-0.108	-0.050	-2.12	-1.92	-2.12	-2.31	-1.74	-1.30	0	1	0	0
0.69	-0.108	-0.052	-2.07	-2.31	-2.07	-1.92	-1.10	-1.76	0	1	0	0
0.70	-0.108	-0.057	-1.89	-2.31	-1.89	-1.92	-0.83	-1.52	0	1	0	0
0.71	-0.108	-0.061	-1.73	-2.31	-1.73	-1.15	-0.55	-2.41	0	1	0	0
0.72	-0.108	-0.067	-1.54	-1.92	-1.54	-1.15	-0.79	-2.17	0	1	0	0
0.73	-0.108	-0.070	-1.42	-1.92	-1.42	-1.15	-0.59	-2.04	0	1	0	0
0.74	-0.108	-0.075	-1.26	-1.92	-1.26	-1.15	-0.32	-1.82	0	1	0	0
0.75	-0.108	-0.079	-1.12	-1.92	-1.12	-1.54	-0.05	-1.05	0	1	0	0
0.76	-0.108	-0.084	-0.94	-1.15	-0.94	-1.15	-0.85	-1.32	0	1	0	0
0.77	-0.108	-0.088	-0.79	-1.54	-0.79	-0.77	-0.05	-1.65	0	1	0	0
0.78	-0.108	-0.091	-0.68	-1.15	-0.68	-1.15	-0.40	-0.92	0	1	0	0
0.79	-0.108	-0.094	-0.57	-1.54	-0.57	-0.77	0.37	-1.29	0	1	0	0
0.80	-0.108	-0.098	-0.45	-0.77	-0.45	-0.77	-0.50	-1.09	0	1	0	0
0.81	-0.108	-0.100	-0.36	-0.77	-0.36	-0.77	-0.35	-0.94	0	1	0	0
0.82	-0.108	-0.104	-0.23	0.00	-0.23	-0.77	-1.26	-0.70	0	1	0	0
0.83	-0.108	-0.107	-0.13	-0.77	-0.13	-0.38	0.00	-1.09	0	1	0	0
0.84	-0.108	-0.109	-0.06	-0.77	-0.06	0.00	0.15	-1.54	0	1	0	0
0.85	-0.108	-0.111	0.02	-0.77	0.02	0.38	0.34	-1.99	0	1	0	0
0.86	-0.108	-0.113	0.08	0.00	0.08	0.00	-0.65	-1.36	0	1	0	0
0.87	-0.108	-0.115	0.15	0.38	0.15	0.00	-1.11	-1.25	0	1	0	0
0.88	-0.108	-0.116	0.17	0.38	0.17	0.00	-1.11	-1.22	0	1	0	0
0.89	-0.108	-0.116	0.19	0.00	0.19	0.00	-0.52	-1.17	0	1	0	0
0.90	-0.108	-0.118	0.26	0.00	0.26	0.00	-0.40	-1.04	0	1	0	0
0.91	-0.108	-0.119	0.29	0.00	0.29	0.00	-0.34	-0.99	0	1	0	0
0.92	-0.108	-0.120	0.32	0.00	0.32	0.00	-0.27	-0.92	0	1	0	0
0.93	-0.108	-0.121	0.34	0.00	0.34	0.00	-0.21	-0.86	0	1	0	0
0.94	-0.108	-0.121	0.34	0.00	0.34	0.00	-0.19	-0.83	0	1	0	0
0.95	-0.108	-0.121	0.34	0.00	0.34	0.00	-0.15	-0.80	0	1	0	0
0.96	-0.108	-0.121	0.35	0.00	0.35	0.00	-0.11	-0.76	0	1	0	0
0.97	-0.108	-0.122	0.39	0.00	0.39	0.00	-0.03	-0.68	0	1	0	0
0.98	-0.108	-0.124	0.46	0.00	0.46	0.00	0.11	-0.54	0	1	0	0
0.99	-0.108	-0.126	0.55	0.00	0.55	0.00	0.27	-0.38	0	1	0	0
1.00	-0.108	-0.129	0.65	0.00	0.65	0.00	0.47	-0.18	0	1	0	0
1.01	-0.108	-0.133	0.77	0.00	0.77	0.00	0.70	0.05	0	1	0	0
1.02	-0.108	-0.137	0.92	0.00	0.92	0.00	0.98	0.33	0	1	0	0
1.03	-0.108	-0.142	1.09	0.00	1.09	0.00	1.31	0.66	0	1	0	0
1.04	-0.108	-0.148	1.29	0.00	1.29	0.00	1.68	1.04	0	1	0	0
1.05	-0.108	-0.153	1.49	0.00	1.49	0.00	2.09	1.44	0	1	0	0
1.06	-0.108	-0.160	1.71	0.00	1.71	0.00	2.53	1.89	0	1	0	0
1.07	-0.108	-0.166	1.95	0.38	1.95	0.00	2.46	2.38	0	1	0	0
1.08	-0.108	-0.172	2.15	0.00	2.15	0.38	3.45	2.26	0	1	0	0
1.09	-0.108	-0.176	2.27	0.38	2.27	0.38	3.22	2.58	0	1	0	0
1.10	-0.108	-0.176	2.29	0.38	2.29	0.00	3.40	3.32	0	1	0	0
1.11	-0.108	-0.174	2.22	0.38	2.22	0.00	3.45	3.40	0	1	0	0
1.12	-0.108	-0.174	2.19	0.77	2.19	0.38	2.99	2.98	0	1	0	0
1.13	-0.108	-0.171	2.12	1.54	2.12	0.38	1.86	3.01	0	1	0	0
1.14	-0.108	-0.168	1.98	1.92	1.98	0.38	1.14	2.95	0	1	0	0
1.15	-0.108	-0.163	1.82	1.54	1.82	1.15	1.46	1.69	0	1	0	0
1.16	-0.108	-0.156	1.59	1.15	1.59	0.77	1.72	1.98	0	1	0	0
1.17	-0.108	-0.149	1.35	1.15	1.35	1.54	1.39	0.55	0	1	0	0
1.18	-0.108	-0.143	1.13	1.15	1.13	1.15	1.09	0.78	0	1	0	0
1.19	-0.108	-0.138	0.95	1.54	0.95	0.77	0.25	1.08	0	1	0	0
1.20	-0.108	-0.133	0.79	1.15	0.79	0.77	0.53	0.85	0	1	0	0
1.21	-0.108	-0.130	0.66	1.15	0.66	1.15	0.32	0.10	0	1	0	0
1.22	-0.108	-0.127	0.58	0.77	0.58	0.77	0.72	0.51	0	1	0	0
1.23	-0.108	-0.126	0.53	0.77	0.53	0.00	0.64	1.56	0	1	0	0
1.24	-0.108	-0.126	0.52	1.15	0.52	0.00	0.04	1.59	0	1	0	0
1.25	-0.108	-0.127	0.56	0.77	0.56	-0.38	0.61	2.25	0	1	0	0
1.26	-0.108	-0.129	0.63	0.38	0.63	-0.38	1.27	2.44	0	1	0	0
1.27	-0.108	-0.132	0.74	-0.38	0.74	0.00	2.59	2.11	0	1	0	0
1.28	-0.108	-0.136	0.88	-0.38	0.88	0.00	2.89	2.38	0	1	0	0
1.29	-0.108	-0.141	1.04	0.00	1.04	0.38	2.66	2.12	0	1	0	0
1.30	-0.108	-0.146	1.24	0.00	1.24	0.00	3.04	3.04	0	1	0	0
1.31	-0.108	-0.152	1.44	0.77	1.44	0.00	2.29	3.42	0	1	0	0
1.32	-0.108	-0.156	1.59	0.00	1.59	0.00	3.70	3.76	0	1	0	0
1.33	-0.108	-0.158	1.67	0.38	1.67	0.00	3.38	4.01	0	1	0	0
1.34	-0.108	-0.160	1.72	1.15	1.72	0.38	2.43	3.66	0	1	0	0
1.35	-0.108	-0.160	1.71	1.15	1.71	0.77	2.44	3.17	0	1	0	0
1.36	-0.108	-0.156	1.57	1.92	1.57	1.54	1.15	1.91	0	1	0	0
1.37	-0.108	-0.149	1.34	1.54	1.34	1.54	1.34	1.56	0	1	0	0
1.38	-0.108	-0.142	1.08	1.54	1.08	1.54	0.94	1.16	0	1	0	0
1.39	-0.108	-0.134	0.82	1.15	0.82	1.54	1.10	0.74	0	1	0	0
1.40	-0.108	-0.128	0.61	1.54	0.61	1.54	0.19	0.37	0	1	0	0
1.41	-0.108	-0.123	0.41	1.15	0.41	1.54	0.39	0.01	0	1	0	0
1.42	-0.108	-0.118	0.25	1.54	0.25	1.15	-0.48	0.24	0	1	0	0
1.43	-0.108	-0.114	0.10	0.77	0.10	0.77	0.34	0.52	0	1	0	0
1.44	-0.108	-0.111	-0.01	0.77	-0.01	1.15	0.12	-0.26	0	1	0	0
1.45	-0.108	-0.108	-0.09	0.77	-0.09	0.77	-0.06	0.09	0	1	0	0
1.46	-0.108	-0.106	-0.15	0.77	-0.15	0.00	-0.23	1.07	0	1	0	0
1.47	-0.108	-0.105	-0.21	0.38	-0.21	0.00	0.18	0.97	0	1	0	0
1.48	-0.108	-0.104	-0.25	0.00	-0.25	-0.77	0.65	2.04	0	1	0	0
1.49	-0.108	-0.104	-0.23	-0.38	-0.23	0.00	1.22	0.96	0	1	0	0
1.50	-0.108	-0.107	-0.14	0.00	-0.14	0.00	0.81	1.09	0	1	0	0
1.51	-0.108	-0.111	0.01	0.00	0.01	0.00	1.01	1.29	0	1	0	0
1.52	-0.108	-0.116	0.16	0.00	0.16	0.00	1.25	1.52	0	1	0	0
1.53	-0.108	-0.120	0.33	0.00	0.33	0.00	1.51	1.78	0	1	0	0
1.54	-0.108	-0.125	0.51	0.00	0.51	0.00	1.80	2.07	0	1	0	0
1.55	-0.108	-0.131	0.70	0.00	0.70	0.00	2.12	2.40	0	1	0	0
1.56	-0.108	-0.136	0.90	0.00	0.90	0.00	2.47	2.75	0	1	0	0
1.57	-0.108	-0.143	1.11	0.00	1.11	0.38	2.86	2.56	0	1	0	0
1.58	-0.108	-0.149	1.34	0.00	1.34	0.38	3.29	2.96	0	1	0	0
1.59	-0.108	-0.157	1.61	0.77	1.61	0.38	2.64	3.43	0	1	0	0
1.60	-0.108	-0.165	1.89	0.00	1.89	0.00	4.27	4.52	0	1	0	0
1.61	-0.108	-0.174	2.20	0.00	2.20	0.00	4.89	5.13	0	1	0	0
1.62	-0.108	-0.183	2.53	0.00	2.53	0.38	5.54	5.22	0	1	0	0
1.63	-0.108	-0.188	2.69	1.54	2.69	0.77	3.71	5.06	0	1	0	0
1.64	-0.108	-0.184	2.57	1.92	2.57	1.15	3.05	4.46	0	1	0	0
1.65	-0.108	-0.174	2.22	1.92	2.22	2.31	2.58	2.35	0	1	0	0
1.66	-0.108	-0.163	1.82	1.92	1.82	3.08	2.02	0.62	0	1	0	0
1.67	-0.108	-0.151	1.40	1.92	1.40	3.08	1.39	-0.10	0	1	0	0
1.68	-0.108	-0.138	0.96	2.69	0.96	3.08	-0.44	-0.89	0	1	0	0
1.69	-0.108	-0.126	0.53	2.69	0.53	2.69	-1.22	-1.13	0	1	0	0
1.70	-0.108	-0.114	0.11	2.31	0.11	2.31	-1.44	-1.35	0	1	0	0
1.71	-0.108	-0.103	-0.30	2.31	-0.30	2.31	-2.22	-2.13	0	1	0	0
1.72	-0.108	-0.092	-0.68	1.54	-0.68	1.54	-1.86	-1.77	0	1	0	0
1.73	-0.108	-0.081	-1.06	1.54	-1.06	1.15	-2.60	-1.94	0	1	0	0
1.74	-0.108	-0.071	-1.40	0.77	-1.40	1.15	-2.18	-2.62	0	1	0	0
1.75	-0.108	-0.073	-1.34	0.77	-1.34	0.77	-2.25	-2.16	0	1	0	0
1.76	-0.108	-0.076	-1.21	0.00	-1.21	0.77	-1.09	-2.13	0	1	0	0
1.77	-0.108	-0.082	-1.00	0.00	-1.00	0.77	-0.88	-1.99	0	1	0	0
1.78	-0.108	-0.089	-0.77	0.00	-0.77	-0.38	-0.62	-0.08	0	1	0	0
1.79	-0.108	-0.094	-0.59	0.00	-0.59	-0.38	-0.41	0.16	0	1	0	0
1.80	-0.108	-0.100	-0.36	0.00	-0.36	0.00	-0.13	-0.10	0	1	0	0
1.81	-0.108	-0.107	-0.14	0.00	-0.14	0.00	0.18	0.21	0	1	0	0
1.82	-0.108	-0.113	0.09	0.00	0.09	0.00	0.51	0.54	0	1	0	0
1.83	-0.108	-0.120	0.33	0.00	0.33	0.00	0.87	0.90	0	1	0	0
1.84	-0.108	-0.126	0.55	0.00	0.55	0.00	1.22	1.25	0	1	0	0
1.85	-0.108	-0.133	0.77	0.00	0.77	0.00	1.59	1.62	0	1	0	0
1.86	-0.108	-0.138	0.96	0.00	0.96	0.00	1.93	1.96	0	1	0	0
1.87	-0.108	-0.143	1.11	0.00	1.11	0.00	2.23	2.26	0	1	0	0
1.88	-0.108	-0.146	1.25	0.38	1.25	0.00	1.95	2.55	0	1	0	0
1.89	-0.108	-0.150	1.38	0.38	1.38	0.38	2.22	2.28	0	1	0	0
1.90	-0.108	-0.154	1.51	0.00	1.51	0.38	3.06	2.55	0	1	0	0
1.91	-0.108	-0.157	1.61	0.38	1.61	0.00	2.77	3.37	0	1	0	0
1.92	-0.108	-0.160	1.72	0.00	1.72	0.77	3.58	2.51	0	1	0	0
1.93	-0.108	-0.163	1.84	0.00	1.84	0.00	3.90	3.90	0	1	0	0
1.94	-0.108	-0.167	1.96	0.38	1.96	0.38	3.67	3.67	0	1	0	0
1.95	-0.108	-0.170	2.07	0.00	2.07	1.15	4.52	2.81	0	1	0	0
1.96	-0.108	-0.171	2.11	1.15	2.11	1.15	3.04	2.94	0	1	0	0
1.97	-0.108	-0.171	2.10	1.92	2.10	1.15	1.96	3.01	0	1	0	0
1.98	-0.108	-0.167	1.96	1.92	1.96	1.92	1.77	1.74	0	1	0	0
1.99	-0.108	-0.157	1.60	1.15	1.60	1.54	2.37	1.77	0	1	0	0
2.00	-0.108	-0.149	1.32	1.54	1.32	2.31	1.43	0.23	0	1	0	0
2.01	-0.108	-0.141	1.06	1.54	1.06	2.31	1.02	-0.24	0	1	0	0
2.02	-0.108	-0.134	0.81	1.92	0.81	1.92	0.04	-0.14	0	1	0	0
2.03	-0.108	-0.127	0.57	1.92	0.57	1.92	-0.40	-0.58	0	1	0	0
2.04	-0.108	-0.121	0.35	1.54	0.35	1.54	-0.27	-0.45	0	1	0	0
2.05	-0.108	-0.115	0.14	1.54	0.14	1.15	-0.67	-0.29	0	1	0	0
2.06	-0.108	-0.109	-0.06	0.77	-0.06	1.15	0.05	-0.67	0	1	0	0
2.07	-0.108	-0.104	-0.24	1.15	-0.24	0.38	-0.84	0.11	0	1	0	0
2.08	-0.108	-0.100	-0.39	1.15	-0.39	0.77	-1.17	-0.73	0	1	0	0
2.09	-0.108	-0.096	-0.52	0.38	-0.52	0.77	-0.36	-1.02	0	1	0	0
2.10	-0.108	-0.096	-0.50	0.38	-0.50	0.38	-0.40	-0.52	0	1	0	0
2.11	-0.108	-0.102	-0.31	0.00	-0.31	0.00	0.38	0.26	0	1	0	0
2.12	-0.108	-0.108	-0.09	0.00	-0.09	-0.38	0.68	1.13	0	1	0	0
2.13	-0.108	-0.115	0.14	0.77	0.14	0.00	-0.11	0.93	0	1	0	0
2.14	-0.108	-0.121	0.37	0.38	0.37	-0.38	0.74	1.85	0	1	0	0
2.15	-0.108	-0.128	0.61	0.38	0.61	0.00	1.09	1.69	0	1	0	0
2.16	-0.108	-0.135	0.85	0.00	0.85	0.00	2.04	2.10	0	1	0	0
2.17	-0.108	-0.142	1.10	0.00	1.10	0.38	2.47	1.96	0	1	0	0
2.18	-0.108	-0.149	1.34	0.00	1.34	0.00	2.92	2.95	0	1	0	0
2.19	-0.108	-0.154	1.53	0.00	1.53	0.38	3.30	2.76	0	1	0	0
2.20	-0.108	-0.159	1.70	0.00	1.70	0.00	3.67	3.67	0	1	0	0
2.21	-0.108	-0.163	1.81	0.38	1.81	0.00	3.41	3.98	0	1	0	0
2.22	-0.108	-0.165	1.91	0.38	1.91	0.00	3.67	4.27	0	1	0	0
2.23	-0.108	-0.168	2.00	0.38	2.00	0.38	3.93	3.99	0	1	0	0
2.24	-0.108	-0.171	2.11	1.15	2.11	1.15	3.08	3.14	0	1	0	0
2.25	-0.108	-0.173	2.17	1.54	2.17	1.92	2.68	2.17	0	1	0	0
2.26	-0.108	-0.172	2.14	1.54	2.14	1.92	2.68	2.14	0	1	0	0
2.27	-0.108	-0.160	1.73	1.54	1.73	1.54	2.12	2.12	0	1	0	0
2.28	-0.108	-0.151	1.40	2.31	1.40	1.54	0.52	1.66	0	1	0	0
2.29	-0.108	-0.143	1.11	2.31	1.11	1.54	0.01	1.21	0	1	0	0
2.30	-0.108	-0.135	0.85	2.31	0.85	1.92	-0.48	0.21	0	1	0	0
2.31	-0.108	-0.127	0.57	2.31	0.57	1.92	-1.00	-0.28	0	1	0	0
2.32	-0.108	-0.120	0.32	1.54	0.32	1.54	-0.38	-0.19	0	1	0	0
2.33	-0.108	-0.114	0.09	1.54	0.09	1.54	-0.81	-0.63	0	1	0	0
2.34	-0.108	-0.107	-0.14	1.54	-0.14	1.54	-1.27	-1.08	0	1	0	0
2.35	-0.108	-0.101	-0.35	1.15	-0.35	0.77	-1.14	-0.39	0	1	0	0
2.36	-0.108	-0.095	-0.55	1.15	-0.55	0.77	-1.56	-0.77	0	1	0	0
2.37	-0.108	-0.090	-0.73	0.38	-0.73	0.77	-0.83	-1.15	0	1	0	0
2.38	-0.108	-0.086	-0.86	0.00	-0.86	0.77	-0.54	-1.46	0	1	0	0
2.39	-0.108	-0.091	-0.71	0.00	-0.71	0.77	-0.38	-1.37	0	1	0	0
2.40	-0.108	-0.097	-0.49	-0.38	-0.49	0.00	0.45	-0.02	0	1	0	0
2.41	-0.108	-0.102	-0.30	-0.38	-0.30	0.00	0.73	0.22	0	1	0	0
2.42	-0.108	-0.108	-0.11	-0.38	-0.11	-0.38	1.01	1.04	0	1	0	0
2.43	-0.108	-0.113	0.07	0.00	0.07	0.00	0.73	0.76	0	1	0	0
2.44	-0.108	-0.118	0.26	0.00	0.26	0.00	1.02	1.05	0	1	0	0
2.45	-0.108	-0.123	0.44	0.00	0.44	0.00	1.31	1.35	0	1	0	0
2.46	-0.108	-0.129	0.63	0.00	0.63	0.00	1.63	1.66	0	1	0	0
2.47	-0.108	-0.134	0.82	0.00	0.82	0.00	1.96	1.99	0	1	0	0
2.48	-0.108	-0.139	1.00	0.38	1.00	0.00	1.72	2.32	0	1	0	0
2.49	-0.108	-0.145	1.20	0.38	1.20	0.00	2.06	2.69	0	1	0	0
2.50	-0.108	-0.151	1.40	0.00	1.40	0.38	3.00	2.52	0	1	0	0
2.51	-0.108	-0.156	1.58	0.00	1.58	0.38	3.38	2.87	0	1	0	0
2.52	-0.108	-0.160	1.72	0.00	1.72	0.77	3.70	2.60	0	1	0	0
2.53	-0.108	-0.163	1.81	0.00	1.81	0.00	3.98	3.95	0	1	0	0
2.54	-0.108	-0.165	1.89	0.00	1.89	0.77	4.25	3.08	0	1	0	0
2.55	-0.108	-0.167	1.58	0.77	2.77	1.54	2.80	3.33	1	1	0	0
2.56	-0.108	-0.163	1.81	1.15	1.81	0.77	2.62	3.13	0	1	0	0
2.57	-0.108	-0.157	1.61	1.92	1.61	1.92	1.24	1.22	0	1	0	0
2.58	-0.108	-0.150	1.38	1.92	1.38	1.92	0.88	0.85	0	1	0	0
2.59	-0.108	-0.142	1.09	1.92	1.09	1.92	0.42	0.39	0	1	0	0
2.60	-0.108	-0.134	0.81	1.54	0.81	1.92	0.49	-0.11	0	1	0	0
2.61	-0.108	-0.125	0.50	1.15	0.50	1.54	0.55	-0.08	0	1	0	0
2.62	-0.108	-0.117	0.22	1.15	0.22	1.54	0.08	-0.58	0	1	0	0
2.63	-0.108	-0.109	-0.06	1.15	-0.06	1.15	-0.41	-0.53	0	1	0	0
2.64	-0.108	-0.101	-0.33	0.77	-0.33	1.54	-0.34	-1.60	0	1	0	0
2.65	-0.108	-0.094	-0.59	0.00	-0.59	0.38	0.33	-0.43	0	1	0	0
2.66	-0.108	-0.086	-0.86	0.38	-0.86	0.38	-0.68	-0.90	0	1	0	0
2.67	-0.108	-0.083	-0.97	0.00	-0.97	0.77	-0.38	-1.73	0	1	0	0
2.68	-0.108	-0.088	-0.80	-0.38	-0.80	0.00	0.36	-0.48	0	1	0	0
2.69	-0.108	-0.092	-0.68	-0.38	-0.68	0.00	0.52	-0.36	0	1	0	0
2.70	-0.108	-0.095	-0.54	-0.77	-0.54	0.00	1.26	-0.21	0	1	0	0
2.71	-0.108	-0.100	-0.39	0.00	-0.39	0.00	0.36	-0.04	0	1	0	0
2.72	-0.108	-0.104	-0.24	0.00	-0.24	0.00	0.55	0.15	0	1	0	0
2.73	-0.108	-0.108	-0.09	0.00	-0.09	0.00	0.76	0.36	0	1	0	0
2.74	-0.108	-0.112	0.05	0.00	0.05	0.00	0.96	0.57	0	1	0	0
2.75	-0.108	-0.116	0.19	0.00	0.19	0.00	1.17	0.77	0	1	0	0
2.76	-0.108	-0.120	0.31	0.00	0.31	0.00	1.36	0.96	0	1	0	0
2.77	-0.108	-0.123	0.41	0.00	0.41	0.00	1.54	1.14	0	1	0	0
2.78	-0.108	-0.125	0.51	0.00	0.51	0.00	1.72	1.32	0	1	0	0
2.79	-0.108	-0.128	0.59	0.00	0.59	0.00	1.87	1.48	0	1	0	0
2.80	-0.108	-0.130	0.66	0.00	0.66	0.00	2.02	1.62	0	1	0	0
2.81	-0.108	-0.130	0.68	0.00	0.68	0.00	2.11	1.71	0	1	0	0
2.82	-0.108	-0.131	0.71	0.38	0.71	0.00	1.64	1.81	0	1	0	0
2.83	-0.108	-0.132	0.74	0.00	0.74	0.00	2.28	1.92	0	1	0	0
2.84	-0.108	-0.132	0.75	0.38	0.75	0.00	1.79	1.99	0	1	0	0
2.85	-0.108	-0.133	0.77	0.00	0.77	0.00	2.41	2.08	0	1	0	0
2.86	-0.108	-0.133	0.78	0.38	0.78	0.38	1.92	1.59	0	1	0	0
2.87	-0.108	-0.134	0.81	0.00	0.81	0.00	2.56	2.22	0	1	0	0
2.88	-0.108	-0.135	0.84	0.00	0.84	0.00	2.68	2.34	0	1	0	0
2.89	-0.108	-0.136	0.89	0.00	0.89	0.00	2.82	2.49	0	1	0	0
2.90	-0.108	-0.138	0.96	0.00	0.96	0.00	2.99	2.66	0	1	0	0
2.91	-0.108	-0.141	1.04	0.00	1.04	0.00	3.19	2.85	0	1	0	0
2.92	-0.108	-0.143	1.13	0.00	1.13	0.38	3.41	2.50	0	1	0	0
2.93	-0.108	-0.146	1.23	0.00	1.23	0.00	3.64	3.27	0	1	0	0
2.94	-0.108	-0.148	1.30	0.00	1.30	0.00	3.84	3.47	0	1	0	0
2.95	-0.108	-0.150	1.36	0.00	1.36	0.00	4.03	3.67	0	1	0	0
2.96	-0.108	-0.151	1.42	0.38	1.42	0.00	3.67	3.87	0	1	0	0
2.97	-0.108	-0.152	1.44	0.00	1.44	0.00	4.35	4.01	0	1	0	0
2.98	-0.108	-0.152	1.43	0.77	1.43	0.00	3.31	4.11	0	1	0	0
2.99	-0.108	-0.150	1.38	1.54	1.38	0.38	2.15	3.58	0	1	0	0
3.00	-0.108	-0.146	1.21	1.54	1.21	0.77	1.88	2.84	0	1	0	0
3.01	-0.108	-0.136	0.69	1.54	1.21	1.54	1.09	1.74	1	1	0	0
3.02	-0.108	-0.124	0.46	1.15	0.46	1.54	1.25	0.61	0	1	0	0
3.03	-0.108	-0.113	0.09	1.92	0.09	1.92	-0.50	-0.61	0	1	0	0
3.04	-0.108	-0.102	-0.30	1.54	-0.30	1.92	-0.65	-1.33	0	1	0	0
3.05	-0.108	-0.091	-0.71	1.54	-0.71	1.54	-1.40	-1.54	0	1	0	0
3.06	-0.108	-0.079	-1.12	1.15	-1.12	1.15	-1.61	-1.75	0	1	0	0
3.07	-0.108	-0.067	-1.53	1.15	-1.53	0.77	-2.41	-1.99	0	1	0	0
3.08	-0.108	-0.059	-1.82	0.77	-1.82	0.00	-2.48	-1.45	0	1	0	0
3.09	-0.108	-0.057	-1.87	0.77	-1.87	0.00	-2.76	-1.67	0	1	0	0
3.10	-0.108	-0.054	-1.98	0.38	-1.98	-0.77	-2.57	-0.85	0	1	0	0
3.11	-0.108	-0.051	-2.09	-0.38	-2.09	-0.77	-1.78	-1.11	0	1	0	0
3.12	-0.108	-0.051	-2.10	-0.38	-2.10	0.00	-1.93	-2.37	0	1	0	0
3.13	-0.108	-0.052	-2.05	-0.38	-2.05	0.00	-2.00	-2.46	0	1	0	0
3.14	-0.108	-0.053	-2.02	0.00	-2.02	0.00	-2.66	-2.58	0	1	0	0
3.15	-0.108	-0.052	-2.05	0.00	-2.05	-0.38	-2.85	-2.21	0	1	0	0
3.16	-0.108	-0.051	-2.09	0.00	-2.09	0.00	-3.09	-2.98	0	1	0	0
3.17	-0.108	-0.048	-2.20	0.00	-2.20	0.00	-3.41	-3.31	0	1	0	0
3.18	-0.108	-0.044	-2.34	0.00	-2.34	0.00	-3.80	-3.70	0	1	0	0
3.19	-0.108	-0.040	-2.49	0.00	-2.49	0.00	-4.21	-4.10	0	1	0	0
3.20	-0.108	-0.035	-2.65	0.00	-2.65	-0.38	-4.65	-3.97	0	1	0	0
3.21	-0.108	-0.030	-2.82	0.00	-2.82	0.00	-5.11	-4.97	0	1	0	0
3.22	-0.108	-0.026	-2.97	-0.77	-2.97	-0.77	-4.42	-4.28	0	1	0	0
3.23	-0.108	-0.026	-2.99	-1.54	-2.99	-1.54	-3.48	-3.34	0	1	0	0
3.24	-0.108	-0.034	-2.68	-1.92	-2.68	-1.92	-2.58	-2.44	0	1	0	0
3.25	-0.108	-0.042	-2.40	-1.92	-2.40	-2.69	-2.21	-0.94	0	1	0	0
3.26	-0.108	-0.050	-2.14	-2.31	-2.14	-2.31	-1.29	-1.10	0	1	0	0
3.27	-0.108	-0.057	-1.87	-2.69	-1.87	-2.69	-0.31	-0.12	0	1	0	0
3.28	-0.108	-0.066	-1.56	-2.31	-1.56	-2.31	-0.37	-0.17	0	1	0	0
3.29	-0.108	-0.074	-1.27	-2.31	-1.27	-2.31	0.13	0.32	0	1	0	0
3.30	-0.108	-0.082	-1.02	-1.92	-1.02	-1.92	0.01	0.21	0	1	0	0
3.31	-0.108	-0.088	-0.78	-1.92	-0.78	-1.54	0.44	0.06	0	1	0	0
3.32	-0.108	-0.094	-0.57	-1.54	-0.57	-1.54	0.27	0.44	0	1	0	0
3.33	-0.108	-0.100	-0.37	-1.54	-0.37	-1.54	0.65	0.81	0	1	0	0
3.34	-0.108	-0.106	-0.17	-1.54	-0.17	-1.15	1.04	0.63	0	1	0	0
3.35	-0.108	-0.110	-0.04	-0.77	-0.04	-1.15	0.20	0.91	0	1	0	0
3.36	-0.108	-0.108	-0.09	-1.15	-0.09	-1.54	0.76	1.49	0	1	0	0
3.37	-0.108	-0.108	-0.09	-0.77	-0.09	-0.77	0.27	0.47	0	1	0	0
3.38	-0.108	-0.107	-0.15	-0.38	-0.15	-0.77	-0.34	0.43	0	1	0	0
3.39	-0.108	-0.101	-0.36	-0.77	-0.36	0.38	-0.06	-1.53	0	1	0	0
3.40	-0.108	-0.095	-0.57	-0.77	-0.57	0.38	-0.34	-1.91	0	1	0	0
3.41	-0.108	-0.091	-0.69	-0.77	-0.69	0.77	-0.50	-2.73	0	1	0	0
3.42	-0.108	-0.090	-0.74	0.00	-0.74	0.00	-1.70	-1.78	0	1	0	0
3.43	-0.108	-0.089	-0.76	0.00	-0.76	-0.38	-1.80	-1.31	0	1	0	0
3.44	-0.108	-0.085	-0.91	0.00	-0.91	-0.38	-2.08	-1.56	0	1	0	0
3.45	-0.108	-0.081	-1.05	0.00	-1.05	0.00	-2.36	-2.37	0	1	0	0
3.46	-0.108	-0.079	-1.11	0.00	-1.11	0.00	-2.53	-2.54	0	1	0	0
3.47	-0.108	-0.079	-1.11	0.00	-1.11	0.00	-2.62	-2.64	0	1	0	0
3.48	-0.108	-0.078	-1.14	0.00	-1.14	0.00	-2.75	-2.77	0	1	0	0
3.49	-0.108	-0.078	-1.15	0.00	-1.15	0.00	-2.85	-2.87	0	1	0	0
3.50	-0.108	-0.079	-1.13	0.00	-1.13	0.00	-2.92	-2.93	0	1	0	0
3.51	-0.108	-0.080	-1.10	0.00	-1.10	0.00	-2.96	-2.98	0	1	0	0
3.52	-0.108	-0.080	-1.08	0.00	-1.08	0.00	-3.02	-3.04	0	1	0	0
3.53	-0.108	-0.081	-1.06	0.00	-1.06	0.00	-3.08	-3.09	0	1	0	0
3.54	-0.108	-0.082	-1.03	0.00	-1.03	0.00	-3.11	-3.13	0	1	0	0
3.55	-0.108	-0.083	-0.98	0.00	-0.98	0.00	-3.13	-3.15	0	1	0	0
3.56	-0.108	-0.084	-0.94	0.00	-0.94	-0.38	-3.15	-2.60	0	1	0	0
3.57	-0.108	-0.085	-0.90	0.00	-0.90	0.00	-3.16	-3.15	0	1	0	0
3.58	-0.108	-0.086	-0.86	0.00	-0.86	-0.38	-3.17	-2.59	0	1	0	0
3.59	-0.108	-0.088	-0.80	0.00	-0.80	0.00	-3.16	-3.12	0	1	0	0
3.60	-0.108	-0.089	-0.75	0.00	-0.75	0.00	-3.15	-3.11	0	1	0	0
3.61	-0.108	-0.090	-0.71	-0.38	-0.71	0.00	-2.58	-3.11	0	1	0	0
3.62	-0.108	-0.092	-0.68	0.00	-0.68	-1.54	-3.12	-0.83	0	1	0	0
3.63	-0.108	-0.093	-0.64	0.00	-0.64	-1.54	-3.12	-0.70	0	1	0	0
3.64	-0.108	-0.098	-0.46	0.00	-0.46	-1.54	-2.91	-0.37	0	1	0	0
3.65	-0.108	-0.104	-0.23	-0.38	-0.23	-0.77	-2.03	-1.08	0	1	0	0
3.66	-0.108	-0.109	-0.07	-0.38	-0.07	0.00	-1.78	-1.94	0	1	0	0
3.67	-0.108	-0.113	0.09	-1.54	0.09	0.77	0.18	-2.86	0	1	0	0
3.68	-0.108	-0.118	0.24	-1.15	0.24	0.00	-0.04	-1.55	0	1	0	0
3.69	-0.108	-0.122	0.39	-1.54	0.39	0.00	0.87	-1.30	0	1	0	0
3.70	-0.108	-0.125	0.50	-0.77	0.50	-0.77	0.05	0.04	0	1	0	0
3.71	-0.108	-0.129	0.63	-0.77	0.63	0.00	0.34	-0.82	0	1	0	0
3.72	-0.108	-0.132	0.72	-0.38	0.72	0.00	0.03	-0.62	0	1	0	0
3.73	-0.108	-0.134	0.81	0.00	0.81	0.00	-0.34	-0.45	0	1	0	0
3.74	-0.108	-0.136	0.90	0.00	0.90	0.77	-0.14	-1.39	0	1	0	0
3.75	-0.108	-0.138	0.95	0.00	0.95	0.00	0.02	-0.16	0	1	0	0
3.76	-0.108	-0.140	1.04	0.00	1.04	0.00	0.22	0.05	0	1	0	0
3.77	-0.108	-0.143	1.14	0.00	1.14	0.00	0.45	0.28	0	1	0	0
3.78	-0.108	-0.148	1.29	0.00	1.29	0.00	0.76	0.59	0	1	0	0
3.79	-0.108	-0.153	1.47	0.00	1.47	0.00	1.13	0.96	0	1	0	0
3.80	-0.108	-0.158	1.65	0.00	1.65	0.00	1.52	1.35	0	1	0	0
3.81	-0.108	-0.163	1.84	0.00	1.84	0.00	1.94	1.77	0	1	0	0
3.82	-0.108	-0.166	1.95	0.00	1.95	0.00	2.24	2.07	0	1	0	0
3.83	-0.108	-0.167	1.97	0.00	1.97	0.38	2.43	1.69	0	1	0	0
3.84	-0.108	-0.170	2.07	0.38	2.07	0.38	2.16	1.96	0	1	0	0
3.85	-0.108	-0.172	2.13	0.00	2.13	0.00	2.95	2.75	0	1	0	0
3.86	-0.108	-0.174	2.23	0.38	2.23	0.00	2.71	3.07	0	1	0	0
3.87	-0.108	-0.179	2.37	0.00	2.37	0.00	3.64	3.47	0	1	0	0
3.88	-0.108	-0.181	2.47	0.00	2.47	0.00	3.97	3.80	0	1	0	0
3.89	-0.108	-0.185	2.60	0.00	2.60	0.38	4.36	3.62	0	1	0	0
3.90	-0.108	-0.189	2.73	0.00	2.73	0.38	4.75	3.98	0	1	0	0
3.91	-0.108	-0.191	2.80	0.38	2.80	0.77	4.51	3.71	0	1	0	0
3.92	-0.108	-0.191	2.82	0.77	2.82	1.15	4.17	3.33	0	1	0	0
3.93	-0.108	-0.187	2.65	1.54	2.65	1.15	2.94	3.22	0	1	0	0
3.94	-0.108	-0.180	2.43	1.54	2.43	2.31	2.71	1.30	0	1	0	0
3.95	-0.108	-0.173	2.18	2.31	2.18	2.31	1.27	0.94	0	1	0	0
3.96	-0.108	-0.167	1.95	2.31	1.95	1.92	0.92	1.16	0	1	0	0
3.97	-0.108	-0.159	1.67	2.31	1.67	1.92	0.47	0.74	0	1	0	0
3.98	-0.108	-0.150	1.35	2.31	1.35	1.54	-0.05	0.83	0	1	0	0
3.99	-0.108	-0.142	1.10	1.54	1.10	1.54	0.63	0.43	0	1	0	0
4.00	-0.108	-0.136	0.87	1.92	0.87	1.54	-0.31	0.06	0	1	0	0
4.01	-0.108	-0.130	0.68	1.54	0.68	1.54	-0.10	-0.27	0	1	0	0
4.02	-0.108	-0.126	0.52	1.15	0.52	1.54	0.17	-0.57	0	1	0	0
4.03	-0.108	-0.122	0.39	1.15	0.39	0.77	-0.08	0.29	0	1	0	0
4.04	-0.108	-0.119	0.29	1.15	0.29	0.00	-0.29	1.25	0	1	0	0
4.05	-0.108	-0.117	0.21	0.77	0.21	0.77	0.09	0.01	0	1	0	0
4.06	-0.108	-0.116	0.17	0.77	0.17	0.77	-0.01	-0.08	0	1	0	0
4.07	-0.108	-0.116	0.17	0.77	0.17	0.38	-0.07	0.43	0	1	0	0
4.08	-0.108	-0.116	0.18	0.38	0.18	0.38	0.48	0.43	0	1	0	0
4.09	-0.108	-0.118	0.24	0.00	0.24	-0.38	1.12	1.64	0	1	0	0
4.10	-0.108	-0.122	0.39	0.00	0.39	-0.38	1.36	1.91	0	1	0	0
4.11	-0.108	-0.128	0.60	0.00	0.60	0.00	1.71	1.72	0	1	0	0
4.12	-0.108	-0.134	0.83	0.00	0.83	0.00	2.09	2.10	0	1	0	0
4.13	-0.108	-0.141	0.84	0.00	1.47	0.00	2.17	3.11	1	1	0	0
4.14	-0.108	-0.147	1.02	0.00	1.78	0.38	2.50	3.13	1	1	0	0
4.15	-0.108	-0.154	1.20	0.00	2.11	0.38	2.86	3.72	1	1	0	0
4.16	-0.108	-0.161	1.39	0.00	2.44	0.00	3.23	4.92	1	1	0	0
4.17	-0.108	-0.168	1.59	0.00	2.78	0.77	3.64	4.48	1	1	0	0
4.18	-0.108	-0.176	1.82	0.38	3.18	1.15	3.53	4.67	1	1	0	0
4.19	-0.108	-0.172	1.70	0.38	2.97	1.15	3.47	4.51	1	1	0	0
4.20	-0.108	-0.168	2.01	1.15	2.01	1.54	2.90	2.67	0	1	0	0
4.21	-0.108	-0.168	1.59	1.92	2.79	2.69	1.21	2.15	1	1	0	0
4.22	-0.108	-0.163	1.82	1.92	1.82	2.69	1.52	0.73	0	1	0	0
4.23	-0.108	-0.159	1.68	1.92	1.68	2.31	1.30	1.01	0	1	0	0
4.24	-0.108	-0.149	1.33	1.15	1.33	2.31	1.90	0.45	0	1	0	0
4.25	-0.108	-0.140	1.00	1.15	1.00	2.31	1.43	-0.12	0	1	0	0
4.26	-0.108	-0.131	0.69	1.15	0.69	2.31	0.96	-0.68	0	1	0	0
4.27	-0.108	-0.123	0.41	0.77	0.41	2.31	1.08	-1.22	0	1	0	0
4.28	-0.108	-0.116	0.17	1.15	0.17	1.54	0.12	-0.60	0	1	0	0
4.29	-0.108	-0.109	-0.08	1.15	-0.08	1.54	-0.32	-1.07	0	1	0	0
4.30	-0.108	-0.102	-0.31	0.00	-0.31	1.15	0.95	-0.97	0	1	0	0
4.31	-0.108	-0.098	-0.45	0.38	-0.45	0.77	0.14	-0.73	0	1	0	0
4.32	-0.108	-0.098	-0.45	0.38	-0.45	1.15	0.07	-1.40	0	1	0	0
4.33	-0.108	-0.099	-0.41	0.77	-0.41	0.77	-0.50	-0.90	0	1	0	0
4.34	-0.108	-0.101	-0.35	0.77	-0.35	0.77	-0.51	-0.90	0	1	0	0
4.35	-0.108	-0.102	-0.29	0.00	-0.29	0.00	0.63	0.23	0	1	0	0
4.36	-0.108	-0.105	-0.21	0.00	-0.21	0.38	0.72	-0.24	0	1	0	0
4.37	-0.108	-0.107	-0.13	-0.38	-0.13	0.00	1.39	0.40	0	1	0	0
4.38	-0.108	-0.111	-0.00	0.00	-0.00	-0.38	1.04	1.15	0	1	0	0
4.39	-0.108	-0.114	0.12	0.00	0.12	0.00	1.22	0.80	0	1	0	0
4.40	-0.108	-0.118	0.24	0.38	0.24	0.00	0.84	0.98	0	1	0	0
4.41	-0.108	-0.121	0.35	0.00	0.35	0.00	1.55	1.16	0	1	0	0
4.42	-0.108	-0.123	0.44	0.00	0.44	0.00	1.72	1.33	0	1	0	0
4.43	-0.108	-0.126	0.53	0.00	0.53	0.00	1.89	1.49	0	1	0	0
4.44	-0.108	-0.129	0.62	0.00	0.62	0.00	2.07	1.67	0	1	0	0
4.45	-0.108	-0.131	0.71	0.00	0.71	0.00	2.24	1.85	0	1	0	0
4.46	-0.108	-0.133	0.79	0.00	0.79	0.00	2.42	2.03	0	1	0	0
4.47	-0.108	-0.136	0.86	0.00	0.86	0.00	2.59	2.20	0	1	0	0
4.48	-0.108	-0.138	0.94	0.00	0.94	0.38	2.78	1.81	0	1	0	0
4.49	-0.108	-0.140	1.02	0.00	1.02	0.38	2.98	1.98	0	1	0	0
4.50	-0.108	-0.142	1.10	0.00	1.10	0.00	3.17	2.72	0	1	0	0
4.51	-0.108	-0.145	1.18	0.00	1.18	0.00	3.37	2.92	0	1	0	0
4.52	-0.108	-0.147	1.25	0.00	1.25	0.00	3.58	3.12	0	1	0	0
4.53	-0.108	-0.149	1.33	0.38	1.33	0.38	3.23	2.77	0	1	0	0
4.54	-0.108	-0.151	1.41	0.38	1.41	0.00	3.42	3.54	0	1	0	0
4.55	-0.108	-0.154	1.50	0.77	1.50	0.00	3.06	3.77	0	1	0	0
4.56	-0.108	-0.156	1.59	1.54	1.59	0.00	2.11	4.02	0	1	0	0
4.57	-0.108	-0.159	1.69	1.92	1.69	0.38	1.70	3.74	0	1	0	0
4.58	-0.108	-0.159	1.69	1.54	1.69	0.77	2.25	3.27	0	1	0	0
4.59	-0.108	-0.154	1.53	1.15	1.53	1.92	2.59	1.39	0	1	0	0
4.60	-0.108	-0.149	1.35	0.77	1.35	1.92	2.93	1.10	0	1	0	0
4.61	-0.108	-0.137	0.91	1.54	0.91	1.54	1.18	0.97	0	1	0	0
4.62	-0.108	-0.125	0.48	1.54	0.48	1.15	0.49	0.85	0	1	0	0
4.63	-0.108	-0.113	0.06	1.54	0.06	1.15	-0.21	0.18	0	1	0	0
4.64	-0.108	-0.101	-0.37	1.92	-0.37	1.15	-1.53	-0.54	0	1	0	0
4.65	-0.108	-0.090	-0.72	1.54	-0.72	0.77	-1.67	-0.62	0	1	0	0
4.66	-0.108	-0.081	-1.06	1.15	-1.06	0.38	-1.78	-0.67	0	1	0	0
4.67	-0.108	-0.077	-1.18	1.54	-1.18	0.77	-2.71	-1.54	0	1	0	0
4.68	-0.108	-0.076	-1.23	0.77	-1.23	1.15	-1.87	-2.34	0	1	0	0
4.69	-0.108	-0.074	-1.29	0.00	-1.29	0.38	-0.97	-1.47	0	1	0	0
4.70	-0.108	-0.074	-1.27	-0.77	-1.27	-0.77	0.09	0.13	0	1	0	0
4.71	-0.108	-0.080	-1.09	0.00	-1.09	-0.38	-0.81	-0.20	0	1	0	0
4.72	-0.108	-0.084	-0.94	-0.77	-0.94	-0.38	0.46	-0.04	0	1	0	0
4.73	-0.108	-0.087	-0.82	0.00	-0.82	0.00	-0.51	-0.47	0	1	0	0
4.74	-0.108	-0.090	-0.73	0.00	-0.73	0.00	-0.45	-0.42	0	1	0	0
4.75	-0.108	-0.092	-0.65	0.00	-0.65	0.00	-0.40	-0.36	0	1	0	0
4.76	-0.108	-0.093	-0.62	0.00	-0.62	0.00	-0.40	-0.36	0	1	0	0
4.77	-0.108	-0.093	-0.62	0.00	-0.62	0.00	-0.44	-0.40	0	1	0	0
4.78	-0.108	-0.093	-0.64	0.00	-0.64	0.00	-0.52	-0.49	0	1	0	0
4.79	-0.108	-0.091	-0.70	0.00	-0.70	0.00	-0.67	-0.63	0	1	0	0
4.80	-0.108	-0.089	-0.77	0.00	-0.77	0.00	-0.83	-0.79	0	1	0	0
4.81	-0.108	-0.087	-0.85	0.00	-0.85	0.00	-1.01	-0.97	0	1	0	0
4.82	-0.108	-0.084	-0.94	0.00	-0.94	0.00	-1.20	-1.16	0	1	0	0
4.83	-0.108	-0.082	-1.01	0.00	-1.01	0.00	-1.39	-1.35	0	1	0	0
4.84	-0.108	-0.080	-1.10	0.00	-1.10	0.00	-1.59	-1.56	0	1	0	0
4.85	-0.108	-0.077	-1.18	0.00	-1.18	0.00	-1.81	-1.77	0	1	0	0
4.86	-0.108	-0.074	-1.28	0.00	-1.28	0.00	-2.04	-2.01	0	1	0	0
4.87	-0.108	-0.071	-1.39	0.00	-1.39	0.00	-2.31	-2.28	0	1	0	0
4.88	-0.108	-0.068	-1.51	0.00	-1.51	0.00	-2.60	-2.56	0	1	0	0
4.89	-0.108	-0.064	-1.64	-0.38	-1.64	0.00	-2.34	-2.87	0	1	0	0
4.90	-0.108	-0.060	-1.79	-0.38	-1.79	0.00	-2.67	-3.23	0	1	0	0
4.91	-0.108	-0.055	-1.96	0.00	-1.96	-0.77	-3.61	-2.49	0	1	0	0
4.92	-0.108	-0.049	-2.16	0.00	-2.16	0.00	-4.05	-4.02	0	1	0	0
4.93	-0.108	-0.044	-2.33	0.00	-2.33	0.00	-4.48	-4.45	0	1	0	0
4.94	-0.108	-0.039	-2.50	0.00	-2.50	-0.38	-4.92	-4.31	0	1	0	0
4.95	-0.108	-0.034	-2.70	-0.38	-2.70	-1.15	-4.84	-3.63	0	1	0	0
4.96	-0.108	-0.033	-2.72	-1.54	-2.72	-1.15	-3.35	-3.79	0	1	0	0
4.97	-0.108	-0.036	-2.61	-1.92	-2.61	-1.15	-2.71	-3.75	0	1	0	0
4.98	-0.108	-0.044	-2.34	-1.92	-2.34	-2.31	-2.36	-1.75	0	1	0	0
4.99	-0.108	-0.051	-2.10	-1.92	-2.10	-2.69	-2.05	-0.84	0	1	0	0
5.00	-0.108	-0.056	-1.92	-2.31	-1.92	-2.69	-1.22	-0.52	0	1	0	0
5.01	-0.108	-0.063	-1.66	-2.31	-1.66	-2.31	-0.81	-0.65	0	1	0	0
5.02	-0.108	-0.069	-1.45	-2.31	-1.45	-2.31	-0.44	-0.28	0	1	0	0
5.03	-0.108	-0.075	-1.26	-2.31	-1.26	-2.31	-0.09	0.07	0	1	0	0
5.04	-0.108	-0.079	-1.12	-1.92	-1.12	-1.54	-0.37	-0.78	0	1	0	0
5.05	-0.108	-0.082	-1.02	-1.92	-1.02	-1.54	-0.16	-0.60	0	1	0	0
5.06	-0.108	-0.084	-0.95	-1.92	-0.95	-1.54	0.02	-0.46	0	1	0	0
5.07	-0.108	-0.084	-0.95	-1.54	-0.95	-1.54	-0.47	-0.41	0	1	0	0
5.08	-0.108	-0.082	-0.99	-1.15	-0.99	-1.15	-1.06	-1.00	0	1	0	0
5.09	-0.108	-0.080	-1.09	-1.15	-1.09	-0.77	-1.19	-1.69	0	1	0	0
5.10	-0.108	-0.076	-1.22	-1.15	-1.22	-1.15	-1.37	-1.34	0	1	0	0
5.11	-0.108	-0.071	-1.39	-0.77	-1.39	-0.77	-2.21	-2.17	0	1	0	0
5.12	-0.108	-0.064	-1.64	-1.15	-1.64	-0.38	-2.05	-3.16	0	1	0	0
5.13	-0.108	-0.057	-1.89	-0.77	-1.89	-1.15	-3.03	-2.49	0	1	0	0
5.14	-0.108	-0.048	-2.19	0.00	-2.19	-1.15	-4.71	-2.99	0	1	0	0
5.15	-0.108	-0.038	-2.54	0.00	-2.54	-1.54	-5.40	-3.03	0	1	0	0
5.16	-0.108	-0.026	-2.97	-0.77	-2.97	-1.92	-5.10	-3.17	0	1	0	0
5.17	-0.108	-0.022	-3.10	-2.31	-3.10	-1.54	-3.20	-4.02	0	1	0	0
5.18	-0.108	-0.026	-2.98	-2.31	-2.98	-1.15	-3.08	-4.53	0	1	0	0
5.19	-0.108	-0.031	-2.80	-3.08	-2.80	-1.92	-1.73	-3.28	0	1	0	0
5.20	-0.108	-0.036	-2.63	-2.69	-2.63	-3.08	-2.02	-1.38	0	1	0	0
5.21	-0.108	-0.040	-2.49	-3.08	-2.49	-3.85	-1.23	0.00	0	1	0	0
5.22	-0.108	-0.047	-2.23	-3.08	-2.23	-3.85	-0.81	0.49	0	1	0	0
5.23	-0.108	-0.063	-1.67	-3.08	-1.67	-3.08	0.09	0.32	0	1	0	0
5.24	-0.108	-0.083	-0.96	-2.69	-0.96	-2.69	0.68	0.90	0	1	0	0
5.25	-0.108	-0.107	-0.14	-2.69	-0.14	-2.31	2.04	1.69	0	1	0	0
5.26	-0.108	-0.119	0.29	-3.85	0.29	-2.69	4.59	3.07	0	1	0	0
5.27	-0.108	-0.130	0.67	-3.46	0.67	-1.54	4.91	2.16	0	1	0	0
5.28	-0.108	-0.145	1.22	-2.31	1.22	-1.54	4.34	3.15	0	1	0	0
5.29	-0.108	-0.161	1.77	-1.15	1.77	-0.77	3.73	3.04	0	1	0	0
5.30	-0.108	-0.162	1.79	0.00	1.79	-0.38	2.29	2.72	0	1	0	0
5.31	-0.108	-0.160	1.73	0.77	1.73	1.15	1.20	0.51	0	1	0	0
5.32	-0.108	-0.158	1.66	0.38	1.66	1.15	1.75	0.46	0	1	0	0
5.33	-0.108	-0.157	1.61	0.38	1.61	0.77	1.77	0.99	0	1	0	0
5.34	-0.108	-0.157	1.61	0.77	1.61	0.77	1.31	1.07	0	1	0	0
5.35	-0.108	-0.158	1.64	0.00	1.64	0.77	2.56	1.18	0	1	0	0
5.36	-0.108	-0.160	1.72	0.00	1.72	0.38	2.80	1.93	0	1	0	0
5.37	-0.108	-0.164	1.87	-0.38	1.87	0.00	3.73	2.83	0	1	0	0
5.38	-0.108	-0.171	2.10	0.38	2.10	-0.38	3.11	3.89	0	1	0	0
5.39	-0.108	-0.179	2.37	0.00	2.37	0.38	4.23	3.35	0	1	0	0
5.40	-0.108	-0.185	2.61	0.38	2.61	0.00	4.19	4.43	0	1	0	0
5.41	-0.108	-0.191	2.80	0.77	2.80	0.00	4.09	4.92	0	1	0	0
5.42	-0.108	-0.199	3.10	1.92	3.10	0.00	2.98	5.58	0	1	0	0
5.43	-0.108	-0.199	3.10	1.15	3.10	0.77	4.21	4.69	0	1	0	0
5.44	-0.108	-0.196	2.98	1.15	2.98	1.92	4.19	3.00	0	1	0	0
5.45	-0.108	-0.187	2.64	1.54	2.64	2.31	3.27	2.02	0	1	0	0
5.46	-0.108	-0.176	2.26	2.31	2.26	2.69	1.65	0.90	0	1	0	0
5.47	-0.108	-0.168	2.00	3.08	2.00	2.31	0.12	1.05	0	1	0	0
5.48	-0.108	-0.161	1.77	3.46	1.77	3.08	-0.87	-0.45	0	1	0	0
5.49	-0.108	-0.156	1.58	3.08	1.58	2.31	-0.71	0.31	0	1	0	0
5.50	-0.108	-0.151	1.39	3.08	1.39	1.92	-1.12	0.53	0	1	0	0
5.51	-0.108	-0.146	1.21	2.69	1.21	1.92	-0.94	0.23	0	1	0	0
5.52	-0.108	-0.138	0.96	1.54	0.96	1.54	0.27	0.37	0	1	0	0
5.53	-0.108	-0.133	0.78	1.92	0.78	1.54	-0.61	0.05	0	1	0	0
5.54	-0.108	-0.129	0.63	1.92	0.63	1.54	-0.92	-0.22	0	1	0	0
5.55	-0.108	-0.126	0.53	1.15	0.53	1.15	-0.03	0.13	0	1	0	0
5.56	-0.108	-0.124	0.47	1.15	0.47	0.77	-0.18	0.55	0	1	0	0
5.57	-0.108	-0.124	0.45	1.15	0.45	0.38	-0.26	1.07	0	1	0	0
5.58	-0.108	-0.125	0.50	0.38	0.50	0.38	0.89	1.14	0	1	0	0
5.59	-0.108	-0.128	0.61	0.77	0.61	0.77	0.50	0.76	0	1	0	0
5.60	-0.108	-0.133	0.79	0.77	0.79	0.77	0.75	1.01	0	1	0	0
5.61	-0.108	-0.140	1.03	0.38	1.03	0.38	1.68	1.94	0	1	0	0
5.62	-0.108	-0.149	1.32	0.00	1.32	0.00	2.74	2.99	0	1	0	0
5.63	-0.108	-0.159	1.68	-0.38	1.68	0.00	3.94	3.62	0	1	0	0
5.64	-0.108	-0.170	2.06	0.00	2.06	0.00	4.09	4.32	0	1	0	0
5.65	-0.108	-0.181	2.46	0.38	2.46	0.38	4.29	4.51	0	1	0	0
5.66	-0.108	-0.194	2.91	1.15	2.91	1.54	3.98	3.63	0	1	0	0
5.67	-0.108	-0.196	2.97	1.54	2.97	0.77	3.63	4.96	0	1	0	0
5.68	-0.108	-0.198	3.06	2.69	3.06	0.77	2.17	5.27	0	1	0	0
5.69	-0.108	-0.199	3.10	2.31	3.10	1.54	2.83	4.37	0	1	0	0
5.70	-0.108	-0.192	2.85	1.54	2.85	3.08	3.66	1.85	0	1	0	0
5.71	-0.108	-0.188	2.70	1.54	2.70	3.85	3.55	0.48	0	1	0	0
5.72	-0.108	-0.176	2.26	2.31	2.26	3.08	1.85	0.87	0	1	0	0
5.73	-0.108	-0.164	1.84	2.31	1.84	3.08	1.22	0.18	0	1	0	0
5.74	-0.108	-0.153	1.47	3.08	1.47	3.08	-0.50	-0.47	0	1	0	0
5.75	-0.108	-0.143	1.13	3.08	1.13	2.69	-1.14	-0.53	0	1	0	0
5.76	-0.108	-0.135	0.84	3.08	0.84	2.69	-1.71	-1.07	0	1	0	0
5.77	-0.108	-0.128	0.59	2.31	0.59	2.31	-1.13	-1.03	0	1	0	0
5.78	-0.108	-0.122	0.37	2.31	0.37	1.92	-1.58	-0.92	0	1	0	0
5.79	-0.108	-0.120	0.33	1.92	0.33	1.92	-1.24	-1.11	0	1	0	0
5.80	-0.108	-0.122	0.39	1.54	0.39	1.92	-0.71	-1.15	0	1	0	0
5.81	-0.108	-0.124	0.47	1.15	0.47	1.54	-0.10	-0.57	0	1	0	0
5.82	-0.108	-0.127	0.57	0.77	0.57	1.15	0.55	0.05	0	1	0	0
5.83	-0.108	-0.131	0.69	1.15	0.69	0.77	0.15	0.76	0	1	0	0
5.84	-0.108	-0.136	0.87	0.77	0.87	0.77	0.94	1.01	0	1	0	0
5.85	-0.108	-0.141	1.06	0.00	1.06	0.00	2.38	2.45	0	1	0	0
5.86	-0.108	-0.148	1.32	-0.38	1.32	-0.38	3.41	3.48	0	1	0	0
5.87	-0.108	-0.160	1.72	0.00	1.72	0.00	3.58	3.65	0	1	0	0
5.88	-0.108	-0.172	1.71	0.00	2.99	0.38	3.69	5.08	1	1	0	0
5.89	-0.108	-0.184	2.06	0.38	3.61	0.00	3.78	6.78	1	1	0	0
5.90	-0.108	-0.197	2.43	0.38	4.25	0.77	4.46	6.88	1	1	0	0
5.91	-0.108	-0.212	2.84	1.54	4.96	2.31	3.52	5.93	1	1	0	0
5.92	-0.108	-0.215	2.91	2.31	5.09	2.31	2.59	6.34	1	1	0	0
5.93	-0.108	-0.210	2.78	2.31	4.87	3.85	2.45	3.96	1	1	0	0
5.94	-0.108	-0.199	2.47	2.31	4.33	4.62	2.03	2.09	1	1	0	0
5.95	-0.108	-0.187	2.12	1.92	3.72	5.00	2.10	0.60	1	1	0	0
5.96	-0.108	-0.172	2.15	2.31	2.15	5.00	1.58	-1.83	0	1	0	0
5.97	-0.108	-0.159	1.66	2.69	1.66	4.62	0.28	-2.20	0	1	0	0
5.98	-0.108	-0.147	1.24	2.31	1.24	4.23	0.15	-2.49	0	1	0	0
5.99	-0.108	-0.135	0.84	2.69	0.84	3.85	-1.10	-2.75	0	1	0	0
6.00	-0.108	-0.124	0.47	2.31	0.47	2.69	-1.24	-1.84	0	1	0	0
6.01	-0.108	-0.114	0.10	2.31	0.10	2.31	-1.93	-1.99	0	1	0	0
6.02	-0.108	-0.111	0.02	1.92	0.02	2.31	-1.65	-2.29	0	1	0	0
6.03	-0.108	-0.116	0.20	1.15	0.20	2.31	-0.40	-2.21	0	1	0	0
6.04	-0.108	-0.121	0.37	1.15	0.37	1.54	-0.22	-0.98	0	1	0	0
6.05	-0.108	-0.127	0.55	0.77	0.55	0.77	0.55	0.33	0	1	0	0
6.06	-0.108	-0.132	0.74	0.77	0.74	0.77	0.81	0.59	0	1	0	0
6.07	-0.108	-0.140	1.04	-0.38	1.04	0.77	2.96	1.03	0	1	0	0
6.08	-0.108	-0.150	1.36	-0.38	1.36	0.38	3.55	2.10	0	1	0	0
6.09	-0.108	-0.161	1.74	-0.38	1.74	0.38	4.26	2.75	0	1	0	0
6.10	-0.108	-0.173	2.17	0.38	2.17	0.00	3.92	4.05	0	1	0	0
6.11	-0.108	-0.185	2.62	1.54	2.62	0.00	3.02	4.89	0	1	0	0
6.12	-0.108	-0.199	3.10	1.92	3.10	0.00	3.25	5.82	0	1	0	0
6.13	-0.108	-0.211	3.51	1.92	3.51	0.77	3.95	5.54	0	1	0	0
6.14	-0.108	-0.215	3.66	1.15	3.66	2.31	5.43	3.69	0	1	0	0
6.15	-0.108	-0.222	3.89	1.15	3.89	3.08	5.97	3.00	0	1	0	0
6.16	-0.108	-0.214	3.61	2.69	3.61	2.69	3.50	3.22	0	1	0	0
6.17	-0.108	-0.209	3.45	3.85	3.45	2.69	1.62	3.05	0	1	0	0
6.18	-0.108	-0.205	3.31	4.62	3.31	3.46	0.25	1.77	0	1	0	0
6.19	-0.108	-0.190	2.75	3.85	2.75	3.08	0.45	1.50	0	1	0	0
6.20	-0.108	-0.178	1.88	3.85	3.29	3.85	-0.92	1.13	1	1	0	0
6.21	-0.108	-0.167	1.58	3.46	2.76	3.85	-0.96	0.30	1	1	0	0
6.22	-0.108	-0.158	1.31	3.08	2.30	3.46	-0.93	0.10	1	1	0	0
6.23	-0.108	-0.149	1.07	3.08	1.88	3.46	-1.42	-0.61	1	1	0	0
6.24	-0.108	-0.141	0.85	2.69	1.48	3.08	-1.35	-0.75	1	1	0	0
6.25	-0.108	-0.139	0.79	3.08	1.38	2.31	-2.15	0.11	1	1	0	0
6.26	-0.108	-0.138	0.77	2.31	1.35	2.31	-1.22	-0.01	1	1	0	0
6.27	-0.108	-0.139	0.79	2.31	1.38	1.92	-1.32	0.53	1	1	0	0
6.28	-0.108	-0.141	0.84	1.92	1.46	1.92	-0.80	0.60	1	1	0	0
6.29	-0.108	-0.145	0.96	1.15	1.68	1.54	0.43	1.46	1	1	0	0
6.30	-0.108	-0.151	1.12	1.54	1.96	1.54	0.09	1.89	1	1	0	0
6.31	-0.108	-0.158	1.32	0.77	2.30	0.77	1.48	3.57	1	1	0	0
6.32	-0.108	-0.166	1.55	0.77	2.71	1.54	1.87	3.16	1	1	0	0
6.33	-0.108	-0.176	1.84	1.15	3.22	1.54	1.79	3.99	1	1	0	0
6.34	-0.108	-0.185	2.08	0.38	3.65	1.92	3.35	4.20	1	1	0	0
6.35	-0.108	-0.189	2.19	1.15	3.83	1.92	2.50	4.60	1	1	0	0
6.36	-0.108	-0.194	2.34	1.15	4.10	2.31	2.81	4.58	1	1	0	0
6.37	-0.108	-0.198	2.44	1.54	4.28	3.08	2.49	3.85	1	1	0	0
6.38	-0.108	-0.199	2.48	1.54	4.34	3.08	2.61	4.04	1	1	0	0
6.39	-0.108	-0.201	2.53	2.31	4.42	3.85	1.62	3.13	1	1	0	0
6.40	-0.108	-0.201	2.52	2.31	4.40	3.85	1.62	3.14	1	1	0	0
6.41	-0.108	-0.199	2.48	2.31	4.34	3.85	1.58	3.10	1	1	0	0
6.42	-0.108	-0.195	2.36	1.54	4.13	4.23	2.56	2.26	1	1	0	0
6.43	-0.108	-0.191	2.24	1.54	3.92	4.62	2.45	1.37	1	1	0	0
6.44	-0.108	-0.188	2.15	1.54	3.76	4.62	2.37	1.07	1	1	0	0
6.45	-0.108	-0.185	2.08	1.92	3.65	4.62	1.75	0.84	1	1	0	0
6.46	-0.108	-0.184	2.04	1.92	3.56	4.62	1.69	0.63	1	1	0	0
6.47	-0.108	-0.181	1.95	1.92	3.42	3.85	1.58	1.47	1	1	0	0
6.48	-0.108	-0.177	1.85	2.31	3.23	3.85	0.85	1.16	1	1	0	0
6.49	-0.108	-0.175	1.78	1.54	3.12	3.46	1.86	1.52	1	1	0	0
6.50	-0.108	-0.173	1.74	1.92	3.04	3.46	1.25	1.38	1	1	0	0
6.51	-0.108	-0.173	1.75	1.54	3.06	3.46	1.82	1.37	1	1	0	0
6.52	-0.108	-0.174	1.77	1.92	3.09	3.08	1.29	1.95	1	1	0	0
6.53	-0.108	-0.175	1.79	1.54	3.13	3.46	1.88	1.44	1	1	0	0
6.54	-0.108	-0.177	1.85	1.92	3.24	3.46	1.43	1.58	1	1	0	0
6.55	-0.108	-0.181	1.95	1.54	3.42	3.08	2.14	2.40	1	1	0	0
6.56	-0.108	-0.185	2.07	1.54	3.63	3.46	2.35	2.17	1	1	0	0
6.57	-0.108	-0.189	2.19	1.15	3.83	3.08	3.13	3.04	1	1	0	0
6.58	-0.108	-0.195	2.36	1.54	4.13	3.46	2.90	2.98	1	1	0	0
6.59	-0.108	-0.200	2.51	1.54	4.39	3.46	3.18	3.42	1	1	0	0
6.60	-0.108	-0.201	2.53	1.92	4.44	3.46	2.73	3.56	1	1	0	0
6.61	-0.108	-0.201	2.53	1.92	4.43	3.85	2.78	3.06	1	1	0	0
6.62	-0.108	-0.203	2.59	2.69	4.53	3.85	1.77	3.25	1	1	0	0
6.63	-0.108	-0.202	2.55	2.31	4.46	3.85	2.27	3.20	1	1	0	0
6.64	-0.108	-0.202	2.54	2.31	4.45	4.62	2.28	2.10	1	1	0	0
6.65	-0.108	-0.201	2.52	2.31	4.41	3.85	2.27	3.17	1	1	0	0
6.66	-0.108	-0.201	2.52	2.69	4.40	4.62	1.71	2.06	1	1	0	0
6.67	-0.108	-0.199	2.48	2.69	4.34	4.62	1.64	1.95	1	1	0	0
6.68	-0.108	-0.197	2.42	2.31	4.24	4.23	2.11	2.35	1	1	0	0
6.69	-0.108	-0.197	2.41	2.31	4.22	4.23	2.10	2.32	1	1	0	0
6.70	-0.108	-0.195	2.37	2.69	4.15	3.85	1.48	2.78	1	1	0	0
6.71	-0.108	-0.195	2.36	2.31	4.13	4.62	2.00	1.64	1	1	0	0
6.72	-0.108	-0.195	2.36	2.69	4.12	4.62	1.43	1.59	1	1	0	0
6.73	-0.108	-0.195	2.35	2.31	4.11	4.23	1.97	2.10	1	1	0	0
6.74	-0.108	-0.196	2.38	2.31	4.16	4.23	2.02	2.17	1	1	0	0
6.75	-0.108	-0.197	2.41	2.31	4.21	4.62	2.06	1.67	1	1	0	0
6.76	-0.108	-0.200	2.48	2.31	4.35	3.85	2.19	2.98	1	1	0	0
6.77	-0.108	-0.201	2.54	2.31	4.44	4.62	2.28	2.01	1	1	0	0
6.78	-0.108	-0.203	2.58	2.31	4.51	3.85	2.36	3.25	1	1	0	0
6.79	-0.108	-0.205	2.63	2.69	4.61	4.23	1.89	2.87	1	1	0	0
6.80	-0.108	-0.207	2.68	2.69	4.70	4.23	1.96	3.03	1	1	0	0
6.81	-0.108	-0.208	2.71	2.31	4.74	4.23	2.57	3.14	1	1	0	0
6.82	-0.108	-0.209	2.75	2.31	4.81	4.62	2.65	2.71	1	1	0	0
6.83	-0.108	-0.211	2.80	3.08	4.91	5.00	1.63	2.30	1	1	0	0
6.84	-0.108	-0.211	2.82	2.31	4.93	4.62	2.77	2.90	1	1	0	0
6.85	-0.108	-0.212	2.82	3.08	4.94	5.00	1.68	2.37	1	1	0	0
6.86	-0.108	-0.212	2.82	2.69	4.94	4.62	2.23	2.93	1	1	0	0
6.87	-0.108	-0.213	2.85	2.69	4.99	5.00	2.28	2.45	1	1	0	0
6.88	-0.108	-0.214	2.88	2.69	5.04	4.62	2.33	3.09	1	1	0	0
6.89	-0.108	-0.214	2.88	3.08	5.03	5.39	1.78	1.99	1	1	0	0
6.90	-0.108	-0.213	2.87	2.69	5.03	4.62	2.32	3.08	1	1	0	0
6.91	-0.108	-0.214	2.90	2.69	5.07	5.39	2.38	2.05	1	1	0	0
6.92	-0.108	-0.215	2.93	2.69	5.12	4.23	2.44	3.81	1	1	0	0
6.93	-0.108	-0.217	2.97	3.08	5.19	5.39	1.95	2.27	1	1	0	0
6.94	-0.108	-0.218	3.00	3.08	5.25	5.00	1.98	2.91	1	1	0	0
6.95	-0.108	-0.219	3.02	3.08	5.29	5.00	2.01	2.99	1	1	0	0
6.96	-0.108	-0.219	3.03	3.46	5.31	5.39	1.45	2.47	1	1	0	0
6.97	-0.108	-0.220	3.07	2.69	5.37	5.00	2.61	3.12	1	1	0	0
6.98	-0.108	-0.221	3.09	2.69	5.41	5.39	2.67	2.64	1	1	0	0
6.99	-0.108	-0.222	3.11	3.46	5.44	5.39	1.59	2.69	1	1	0	0
7.00	-0.108	-0.223	3.15	3.46	5.52	5.39	1.63	2.81	1	1	0	0
7.01	-0.108	-0.224	3.17	3.08	5.55	5.39	2.20	2.87	1	1	0	0
7.02	-0.108	-0.226	3.22	3.08	5.63	5.77	2.28	2.43	1	1	0	0
7.03	-0.108	-0.226	3.23	3.08	5.66	5.00	2.31	3.60	1	1	0	0
7.04	-0.108	-0.227	3.26	3.46	5.70	5.77	1.79	2.58	1	1	0	0
7.05	-0.108	-0.230	3.34	3.08	5.84	5.39	2.46	3.34	1	1	0	0
7.06	-0.108	-0.231	3.37	2.69	5.90	5.77	3.10	2.90	1	1	0	0
7.07	-0.108	-0.234	3.44	3.08	6.02	5.77	2.69	3.09	1	1	0	0
7.08	-0.108	-0.233	3.42	3.08	5.98	5.77	2.69	3.05	1	1	0	0
7.09	-0.108	-0.233	3.43	3.85	6.00	5.77	1.59	3.09	1	1	0	0
7.10	-0.108	-0.234	3.45	3.85	6.04	6.16	1.59	2.61	1	1	0	0
7.11	-0.108	-0.233	3.43	3.85	6.00	5.77	1.52	3.10	1	1	0	0
7.12	-0.108	-0.234	3.44	3.08	6.02	6.54	2.65	2.01	1	1	0	0
7.13	-0.108	-0.234	3.44	3.08	6.02	6.16	2.68	2.55	1	1	0	0
7.14	-0.108	-0.234	3.45	3.46	6.03	6.16	2.14	2.55	1	1	0	0
7.15	-0.108	-0.236	3.50	3.46	6.12	6.16	2.22	2.66	1	1	0	0
7.16	-0.108	-0.238	3.57	3.46	6.24	5.77	2.32	3.41	1	1	0	0
7.17	-0.108	-0.242	3.68	3.46	6.43	5.77	2.49	3.74	1	1	0	0
7.18	-0.108	-0.244	3.73	3.46	6.53	6.54	2.59	2.79	1	1	0	0
7.19	-0.108	-0.245	3.76	3.08	6.58	6.16	3.23	3.44	1	1	0	0
7.20	-0.108	-0.245	3.76	3.46	6.59	6.16	2.72	3.48	1	1	0	0
7.21	-0.108	-0.247	3.82	3.85	6.68	6.93	2.25	2.51	1	1	0	0
7.22	-0.108	-0.251	3.93	3.85	6.88	6.54	2.42	3.36	1	1	0	0
7.23	-0.108	-0.251	3.91	3.85	6.85	6.54	2.40	3.34	1	1	0	0
7.24	-0.108	-0.250	3.88	3.85	6.80	6.16	2.36	3.86	1	1	0	0
7.25	-0.108	-0.250	3.91	4.23	6.84	6.93	1.83	2.83	1	1	0	0
7.26	-0.108	-0.252	3.96	4.23	6.93	6.93	1.88	2.96	1	1	0	0
7.27	-0.108	-0.250	3.91	3.85	6.84	6.93	2.35	2.83	1	1	0	0
7.28	-0.108	-0.250	3.89	3.85	6.80	6.93	2.32	2.76	1	1	0	0
7.29	-0.108	-0.251	3.92	3.85	6.85	6.93	2.37	2.83	1	1	0	0
7.30	-0.108	-0.254	4.01	4.23	7.03	7.31	1.95	2.51	1	1	0	0
7.31	-0.108	-0.256	4.06	3.85	7.10	7.31	2.56	2.59	1	1	0	0
7.32	-0.108	-0.257	4.09	3.46	7.16	7.31	3.21	2.67	1	1	0	0
7.33	-0.108	-0.258	4.12	3.85	7.22	6.93	2.73	3.31	1	1	0	0
7.34	-0.108	-0.261	4.20	3.85	7.36	6.93	2.87	3.54	1	1	0	0
7.35	-0.108	-0.265	4.31	4.23	7.55	6.93	2.49	3.86	1	1	0	0
7.36	-0.108	-0.266	4.33	3.85	7.58	7.31	3.10	3.39	1	1	0	0
7.37	-0.108	-0.268	3.85	4.23	8.79	7.31	1.85	5.20	1	0	0	0
7.38	-0.108	-0.269	3.87	4.23	8.85	7.31	1.86	5.41	1	0	0	0
7.39	-0.108	-0.271	3.92	5.00	8.97	7.70	0.76	5.14	1	0	0	0
7.40	-0.108	-0.272	3.95	4.23	9.02	7.70	1.85	5.31	1	0	0	0
7.41	-0.108	-0.269	3.87	4.23	8.84	8.47	1.71	4.01	1	0	0	0
7.42	-0.108	-0.267	3.81	4.23	8.72	8.85	1.60	3.29	1	0	0	0
7.43	-0.108	-0.264	3.76	4.62	8.59	8.85	0.92	3.09	1	0	0	0
7.44	-0.108	-0.259	3.64	3.85	8.31	8.85	1.81	2.66	1	0	0	0
7.45	-0.108	-0.256	3.55	4.62	8.11	9.23	0.52	1.75	1	0	0	0
7.46	-0.108	-0.253	3.47	3.85	7.94	8.85	1.46	1.97	1	0	0	0
7.47	-0.108	-0.251	3.43	4.23	7.83	9.23	0.79	1.17	1	0	0	0
7.48	-0.108	-0.250	3.40	3.85	7.77	8.47	1.26	2.11	1	0	0	0
7.49	-0.108	-0.249	3.39	3.85	7.74	8.47	1.20	2.01	1	0	0	0
7.50	-0.108	-0.249	3.39	3.85	7.74	8.47	1.17	1.95	1	0	0	0
7.51	-0.108	-0.250	3.40	3.85	7.77	8.47	1.15	1.94	1	0	0	0
7.52	-0.108	-0.251	3.43	3.46	7.84	8.08	1.73	2.56	1	0	0	0
7.53	-0.108	-0.252	3.46	3.85	7.91	8.47	1.20	2.07	1	0	0	0
7.54	-0.108	-0.253	3.48	3.08	7.96	8.47	2.34	2.10	1	0	0	0
7.55	-0.108	-0.254	3.51	3.85	8.03	8.47	1.28	2.16	1	0	0	0
7.56	-0.108	-0.255	3.54	3.08	8.09	7.70	2.43	3.36	1	0	0	0
7.57	-0.108	-0.257	3.57	3.46	8.16	8.47	1.95	2.36	1	0	0	0
7.58	-0.108	-0.258	3.60	3.85	8.23	8.08	1.43	3.00	1	0	0	0
7.59	-0.108	-0.259	3.62	3.85	8.28	8.08	1.44	3.09	1	0	0	0
7.60	-0.108	-0.260	3.64	3.85	8.33	8.47	1.45	2.61	1	0	0	0
7.61	-0.108	-0.260	3.66	3.85	8.36	8.85	1.46	2.07	1	0	0	0
7.62	-0.108	-0.260	3.65	3.46	8.34	8.08	2.00	3.15	1	0	0	0
7.63	-0.108	-0.256	3.56	3.46	8.13	8.47	1.88	2.29	1	0	0	0
7.64	-0.108	-0.252	3.47	3.08	7.92	8.47	2.32	1.95	1	0	0	0
7.65	-0.108	-0.248	3.37	3.08	7.70	8.47	2.21	1.58	1	0	0	0
7.66	-0.108	-0.243	3.24	3.46	7.42	8.47	1.48	1.10	1	0	0	0
7.67	-0.108	-0.239	3.14	3.46	7.17	8.08	1.30	1.22	1	0	0	0
7.68	-0.108	-0.235	3.03	3.46	6.93	8.08	1.12	0.79	1	0	0	0
7.69	-0.108	-0.231	2.94	3.46	6.72	7.70	0.95	0.95	1	0	0	0
7.70	-0.108	-0.227	2.85	3.46	6.52	7.31	0.78	1.15	1	0	0	0
7.71	-0.108	-0.224	2.78	3.46	6.35	7.31	0.62	0.83	1	0	0	0
7.72	-0.108	-0.222	2.72	3.08	6.21	7.31	1.05	0.56	1	0	0	0
7.73	-0.108	-0.220	2.67	2.69	6.09	6.16	1.51	2.00	1	0	0	0
7.74	-0.108	-0.219	2.65	3.08	6.05	6.93	0.91	0.79	1	0	0	0
7.75	-0.108	-0.220	2.68	2.69	6.14	6.16	1.50	1.99	1	0	0	0
7.76	-0.108	-0.223	2.76	2.31	6.31	6.93	2.18	1.10	1	0	0	0
7.77	-0.108	-0.226	2.82	2.31	6.45	6.93	2.31	1.26	1	0	0	0
7.78	-0.108	-0.229	2.90	2.31	6.63	6.16	2.46	2.63	1	0	0	0
7.79	-0.108	-0.234	3.02	2.69	6.91	6.54	2.13	2.52	1	0	0	0
7.80	-0.108	-0.238	3.12	2.69	7.13	6.54	2.29	2.86	1	0	0	0
7.81	-0.108	-0.242	3.20	2.31	7.32	6.54	3.02	3.20	1	0	0	0
7.82	-0.108	-0.246	3.77	2.69	6.60	6.93	3.37	1.63	1	1	0	0
7.83	-0.108	-0.250	3.91	2.69	6.84	6.54	3.65	2.52	1	1	0	0
7.84	-0.108	-0.253	3.99	3.08	6.99	6.93	3.31	2.20	1	1	0	0
7.85	-0.108	-0.257	4.09	3.08	7.15	7.31	3.52	1.88	1	1	0	0
7.86	-0.108	-0.259	4.14	3.08	7.24	6.54	3.68	3.14	1	1	0	0
7.87	-0.108	-0.257	4.09	3.85	7.16	6.16	2.55	3.64	1	1	0	0
7.88	-0.108	-0.257	4.10	4.23	7.18	6.93	2.02	2.61	1	1	0	0
7.89	-0.108	-0.255	4.03	3.85	7.05	6.54	2.47	3.01	1	1	0	0
7.90	-0.108	-0.251	3.94	4.23	6.89	7.31	1.77	1.67	1	1	0	0
7.91	-0.108	-0.250	3.88	3.85	6.80	6.93	2.24	2.07	1	1	0	0
7.92	-0.108	-0.246	3.79	4.23	6.64	6.16	1.54	2.96	1	1	0	0
7.93	-0.108	-0.243	3.69	4.23	6.46	6.54	1.36	2.17	1	1	0	0
7.94	-0.108	-0.240	3.62	4.23	6.33	6.54	1.21	1.97	1	1	0	0
7.95	-0.108	-0.239	3.59	4.23	6.28	6.54	1.11	1.88	1	1	0	0
7.96	-0.108	-0.239	3.60	4.23	6.29	6.54	1.07	1.88	1	1	0	0
7.97	-0.108	-0.239	3.60	3.85	6.29	6.54	1.59	1.86	1	1	0	0
7.98	-0.108	-0.241	3.64	3.85	6.37	6.93	1.63	1.38	1	1	0	0
7.99	-0.108	-0.244	3.72	3.46	6.51	6.54	2.31	2.12	1	1	0	0
8.00	-0.108	-0.248	3.84	3.85	6.72	6.54	1.93	2.42	1	1	0	0
8.01	-0.108	-0.252	3.95	3.08	6.92	6.16	3.24	3.30	1	1	0	0
8.02	-0.108	-0.256	4.07	3.08	7.12	6.16	3.48	3.65	1	1	0	0
8.03	-0.108	-0.262	4.22	3.85	7.39	6.54	2.65	3.56	1	1	0	0
8.04	-0.108	-0.265	4.33	3.85	7.58	6.54	2.84	3.91	1	1	0	0
8.05	-0.108	-0.269	4.43	3.85	7.75	6.16	3.03	4.82	1	1	0	0
8.06	-0.108	-0.270	4.47	3.85	7.82	6.93	3.13	3.91	1	1	0	0
8.07	-0.108	-0.272	4.52	3.85	7.92	6.93	3.26	4.13	1	1	0	0
8.08	-0.108	-0.271	4.49	4.62	7.86	6.93	2.13	4.13	1	1	0	0
8.09	-0.108	-0.272	4.51	4.62	7.89	7.31	2.14	3.67	1	1	0	0
8.10	-0.108	-0.272	4.51	4.62	7.90	7.70	2.14	3.16	1	1	0	0
8.11	-0.108	-0.270	4.45	4.62	7.78	7.70	2.04	3.00	1	1	0	0
8.12	-0.108	-0.268	4.39	4.23	7.68	7.70	2.51	2.86	1	1	0	0
8.13	-0.108	-0.267	4.38	4.62	7.67	7.70	1.94	2.84	1	1	0	0
8.14	-0.108	-0.269	4.44	4.23	7.77	7.70	2.57	2.99	1	1	0	0
8.15	-0.108	-0.269	4.43	4.23	7.76	7.70	2.58	2.98	1	1	0	0
8.16	-0.108	-0.269	4.43	4.62	7.75	7.70	2.02	2.98	1	1	0	0
8.17	-0.108	-0.271	4.48	4.23	7.84	7.70	2.65	3.11	1	1	0	0
8.18	-0.108	-0.272	4.52	4.23	7.92	8.08	2.74	2.66	1	1	0	0
8.19	-0.108	-0.274	4.58	4.62	8.01	7.70	2.27	3.35	1	1	0	0
8.20	-0.108	-0.276	4.63	4.62	8.11	7.70	2.35	3.53	1	1	0	0
8.21	-0.108	-0.280	4.73	4.62	8.28	7.70	2.49	3.81	1	1	0	0
8.22	-0.108	-0.283	4.83	4.62	8.45	7.70	2.65	4.12	1	1	0	0
8.23	-0.108	-0.285	4.89	4.62	8.55	8.08	2.75	3.76	1	1	0	0
8.24	-0.108	-0.289	4.99	4.62	8.73	7.70	2.92	4.63	1	1	0	0
8.25	-0.108	-0.292	5.06	4.62	8.86	8.47	3.06	3.76	1	1	0	0
8.26	-0.108	-0.294	5.12	4.62	8.96	8.47	3.19	3.95	1	1	0	0
8.27	-0.108	-0.293	5.11	4.62	8.93	8.85	3.20	3.37	1	1	0	0
8.28	-0.108	-0.296	5.18	5.00	9.06	8.47	2.78	4.14	1	1	0	0
8.29	-0.108	-0.300	5.30	5.39	9.28	9.23	2.41	3.37	1	1	0	0
8.30	-0.108	-0.300	5.30	5.39	9.27	8.85	2.39	3.93	1	1	0	0
8.31	-0.108	-0.300	5.31	5.39	9.29	9.23	2.40	3.42	1	1	0	0
8.32	-0.108	-0.303	5.39	5.00	9.44	8.85	3.09	4.22	1	1	0	0
8.33	-0.108	-0.310	5.57	5.39	9.75	9.62	2.82	3.59	1	1	0	0
8.34	-0.108	-0.311	5.61	5.39	9.81	8.47	2.88	5.40	1	1	0	0
8.35	-0.108	-0.313	5.65	5.00	9.89	8.85	3.54	5.05	1	1	0	0
8.36	-0.108	-0.316	5.76	5.77	10.08	10.00	2.61	3.70	1	1	0	0
8.37	-0.108	-0.321	5.89	5.00	10.30	8.85	3.94	5.75	1	1	0	0
8.38	-0.108	-0.323	5.93	5.39	10.38	9.62	3.50	4.84	1	1	0	0
8.39	-0.108	-0.325	5.99	5.77	10.48	10.77	3.07	3.35	1	1	0	0
8.40	-0.108	-0.323	5.95	6.16	10.40	10.00	2.45	4.35	1	1	0	0
8.41	-0.108	-0.322	5.91	6.16	10.34	10.77	2.38	3.15	1	1	0	0
8.42	-0.108	-0.325	6.00	6.54	10.49	11.16	1.92	2.77	1	1	0	0
8.43	-0.108	-0.325	6.00	6.16	10.49	10.39	2.44	3.85	1	1	0	0
8.44	-0.108	-0.326	6.02	6.16	10.53	10.39	2.46	3.92	1	1	0	0
8.45	-0.108	-0.329	6.12	6.16	10.71	10.00	2.60	4.77	1	1	0	0
8.46	-0.108	-0.334	6.24	5.39	10.92	10.39	3.91	4.56	1	1	0	0
8.47	-0.108	-0.338	6.35	5.77	11.11	10.77	3.58	4.32	1	1	0	0
8.48	-0.108	-0.342	6.46	6.16	11.31	10.77	3.22	4.63	1	1	0	0
8.49	-0.108	-0.347	6.60	6.16	11.56	10.77	3.45	5.05	1	1	0	0
8.50	-0.108	-0.349	6.67	6.54	11.67	11.16	3.02	4.71	1	1	0	0
8.51	-0.108	-0.353	6.77	6.16	11.84	10.77	3.74	5.58	1	1	0	0
8.52	-0.108	-0.357	6.89	6.93	12.06	12.31	2.83	3.70	1	1	0	0
8.53	-0.108	-0.362	7.03	6.54	12.31	11.16	3.61	5.76	1	1	0	0
8.54	-0.108	-0.362	7.03	6.93	12.30	10.77	3.08	6.41	1	1	0	0
8.55	-0.108	-0.364	6.20	6.93	14.18	11.93	1.86	7.60	1	0	0	0
8.56	-0.108	-0.367	6.29	6.93	14.37	13.08	1.93	6.36	1	0	0	0
8.57	-0.108	-0.372	6.40	6.93	14.63	13.08	2.04	6.84	1	0	0	0
8.58	-0.108	-0.369	6.33	7.31	14.47	13.08	1.33	6.73	1	0	0	0
8.59	-0.108	-0.371	6.36	6.54	14.55	13.47	2.44	6.39	1	0	0	0
8.60	-0.108	-0.375	6.48	7.31	14.81	14.62	1.46	5.16	1	0	0	0
8.61	-0.108	-0.377	6.53	6.54	14.93	13.85	2.60	6.48	1	0	0	0
8.62	-0.108	-0.379	6.56	6.54	14.99	13.08	2.65	7.81	1	0	0	0
8.63	-0.108	-0.384	6.70	7.31	15.32	15.01	1.72	5.59	1	0	0	0
8.64	-0.108	-0.392	6.89	6.16	15.75	13.47	3.66	8.53	1	0	0	0
8.65	-0.108	-0.394	6.95	6.93	15.87	14.62	2.66	7.19	1	0	0	0
8.66	-0.108	-0.400	7.08	7.70	16.19	15.01	1.73	7.19	1	0	0	0
8.67	-0.108	-0.407	7.25	6.93	16.57	15.78	3.06	6.71	1	0	0	0
8.68	-0.108	-0.412	7.38	7.31	16.86	16.16	2.71	6.64	1	0	0	0
8.69	-0.108	-0.416	7.48	6.54	17.10	16.16	4.00	7.04	1	0	0	0
8.70	-0.108	-0.420	7.57	6.16	17.31	16.16	4.79	7.43	1	0	0	0
8.71	-0.108	-0.427	7.74	7.31	17.69	16.55	3.44	7.51	1	0	0	0
8.72	-0.108	-0.432	7.88	6.93	18.00	15.78	4.24	9.20	1	0	0	0
8.73	-0.108	-0.439	8.05	6.54	18.39	15.39	5.14	10.37	1	0	0	0
8.74	-0.108	-0.441	8.10	7.31	18.51	18.08	4.20	6.96	1	0	0	0
8.75	-0.108	-0.444	8.16	8.47	18.66	19.24	2.65	5.50	1	0	0	0
8.76	-0.108	-0.443	8.13	7.70	18.59	18.47	3.72	6.49	1	0	0	0
8.77	-0.108	-0.439	8.04	8.85	18.38	20.39	1.91	3.34	1	0	0	0
8.78	-0.108	-0.438	8.03	8.85	18.35	19.24	1.82	4.84	1	0	0	0
8.79	-0.108	-0.440	9.21	8.85	16.12	20.01	3.51	0.33	1	1	0	0
8.80	-0.108	-0.441	9.24	8.08	16.18	18.47	4.73	2.39	1	1	0	0
8.81	-0.108	-0.445	9.36	8.47	16.39	17.31	4.43	4.23	1	1	0	0
8.82	-0.108	-0.452	9.54	8.85	16.70	18.08	4.20	3.47	1	1	0	0
8.83	-0.108	-0.460	9.77	8.85	17.09	18.85	4.58	2.81	1	1	0	0
8.84	-0.108	-0.469	10.04	8.47	17.56	16.55	5.63	6.78	1	1	0	0
8.85	-0.108	-0.481	10.36	8.85	18.13	18.47	5.66	4.85	1	1	0	0
8.86	-0.108	-0.492	10.66	9.23	18.66	17.31	5.66	7.32	1	1	0	0
8.87	-0.108	-0.504	13.76	9.62	13.76	18.08	9.79	-0.97	0	1	0	0
8.88	-0.108	-0.515	14.16	9.23	14.16	18.47	10.37	-1.29	0	1	0	0
8.89	-0.108	-0.527	20.41	11.54	11.66	18.08	10.37	-4.76	0	1	1	0
8.90	-0.108	-0.539	20.97	12.31	11.98	17.31	10.37	-3.66	0	1	1	0
8.91	-0.108	-0.547	24.42	13.85	10.68	14.62	10.37	-2.03	0	0	1	0
8.92	-0.108	-0.548	24.46	16.16	10.70	13.08	10.37	-0.04	0	0	1	0
8.93	-0.108	-0.566	25.48	16.93	11.15	13.85	10.37	-0.70	0	0	1	0
8.94	-0.108	-0.588	26.75	16.93	11.70	13.08	10.37	1.04	0	0	1	0
8.95	-0.108	-0.599	27.37	17.70	11.98	13.85	10.37	0.19	0	0	1	0
8.96	-0.108	-0.622	28.66	17.70	12.54	13.08	10.37	2.02	0	0	1	0
8.97	-0.108	-0.650	30.19	18.08	13.21	11.54	10.37	5.24	0	0	1	0
8.98	-0.108	-0.675	31.63	20.39	13.84	12.70	10.37	4.60	0	0	1	0
8.99	-0.108	-0.685	20.00	20.01	20.00	10.77	9.84	10.37	0	0	0	0
9.00	-0.108	-0.706	20.00	18.85	20.00	11.54	10.37	10.37	0	0	0	0
9.01	-0.108	-0.721	20.00	21.93	20.00	14.62	7.08	10.37	0	0	0	0
9.02	-0.108	-0.755	20.00	21.16	20.00	16.16	8.07	10.37	0	0	0	0
9.03	-0.108	-0.784	20.00	19.62	20.00	18.47	10.25	7.42	0	0	0	0
9.04	-0.108	-0.807	20.00	18.47	20.00	18.85	10.37	6.97	0	0	0	0
9.05	-0.108	-0.825	20.00	18.85	20.00	18.85	10.37	7.06	0	0	0	0
9.06	-0.108	-0.848	20.00	21.16	20.00	20.39	8.22	4.88	0	0	0	0
9.07	-0.108	-0.866	20.00	19.24	20.00	17.70	10.37	8.83	0	0	0	0
9.08	-0.108	-0.879	20.00	20.39	20.00	18.47	9.33	7.88	0	0	0	0
9.09	-0.108	-0.894	20.00	21.16	20.00	17.70	8.16	9.14	0	0	0	0
9.10	-0.108	-0.904	20.00	20.78	20.00	16.93	8.63	10.37	0	0	0	0
9.11	-0.108	-0.912	20.00	20.39	20.00	17.31	9.14	10.14	0	0	0	0
9.12	-0.108	-0.927	20.00	20.01	20.00	19.24	9.68	7.51	0	0	0	0
9.13	-0.108	-0.937	20.00	19.62	20.00	18.85	10.25	8.14	0	0	0	0
9.14	-0.108	-0.944	20.00	19.62	20.00	18.08	10.28	9.37	0	0	0	0
9.15	-0.108	-0.950	20.00	19.24	20.00	18.47	10.37	8.95	0	0	0	0
9.16	-0.108	-0.956	20.00	20.78	20.00	19.24	8.66	7.93	0	0	0	0
9.17	-0.108	-0.960	20.00	21.16	20.00	19.24	8.03	8.00	0	0	0	0
9.18	-0.108	-0.962	20.00	19.62	20.00	18.85	10.21	8.63	0	0	0	0
9.19	-0.108	-0.962	20.00	20.39	20.00	18.47	9.10	9.29	0	0	0	0
9.20	-0.108	-0.961	20.00	21.55	20.00	20.78	7.36	5.99	0	0	0	0
9.21	-0.108	-0.962	20.00	20.01	20.00	19.62	9.52	7.64	0	0	0	0
9.22	-0.108	-0.958	20.00	19.62	20.00	18.47	10.09	9.38	0	0	0	0
9.23	-0.108	-0.954	20.00	20.01	20.00	19.62	9.55	7.79	0	0	0	0
9.24	-0.108	-0.951	20.00	20.01	20.00	18.47	9.55	9.53	0	0	0	0
9.25	-0.108	-0.948	20.00	20.01	20.00	19.24	9.55	8.51	0	0	0	0
9.26	-0.108	-0.947	20.00	20.01	20.00	19.24	9.55	8.57	0	0	0	0
9.27	-0.108	-0.948	20.00	19.24	20.00	19.24	10.37	8.64	0	0	0	0
9.28	-0.108	-0.950	20.00	20.01	20.00	18.85	9.61	9.27	0	0	0	0
9.29	-0.108	-0.948	20.00	19.62	20.00	18.47	10.17	9.93	0	0	0	0
9.30	-0.108	-0.948	20.00	20.01	20.00	18.85	9.64	9.48	0	0	0	0
9.31	-0.108	-0.952	20.00	21.16	20.00	20.39	7.93	7.29	0	0	0	0
9.32	-0.108	-0.951	20.00	20.01	20.00	19.24	9.54	8.97	0	0	0	0
9.33	-0.108	-0.953	20.00	18.85	20.00	20.01	10.37	7.89	0	0	0	0
9.34	-0.108	-0.951	20.00	19.62	20.00	19.24	10.20	9.03	0	0	0	0
9.35	-0.108	-0.953	20.00	20.39	20.00	18.85	9.09	9.66	0	0	0	0
9.36	-0.108	-0.962	20.00	20.78	20.00	19.62	8.49	8.61	0	0	0	0
9.37	-0.108	-0.965	20.00	20.01	20.00	19.24	9.57	9.21	0	0	0	0
9.38	-0.108	-0.968	20.00	19.24	20.00	19.62	10.37	8.71	0	0	0	0
9.39	-0.108	-0.975	20.00	20.39	20.00	20.01	9.06	8.17	0	0	0	0
9.40	-0.108	-0.979	20.00	20.01	20.00	19.24	9.60	9.30	0	0	0	0
9.41	-0.108	-0.987	20.00	20.78	20.00	19.62	8.46	8.80	0	0	0	0
9.42	-0.108	-0.997	20.00	20.01	20.00	19.24	9.53	9.40	0	0	0	0
9.43	-0.108	-1.001	20.00	19.24	20.00	19.24	10.37	9.46	0	0	0	0
9.44	-0.108	-1.013	20.00	20.01	20.00	19.24	9.60	9.52	0	0	0	0
9.45	-0.108	-1.021	20.00	20.39	20.00	19.24	9.02	9.58	0	0	0	0
9.46	-0.108	-1.028	20.00	19.24	20.00	17.70	10.37	10.37	0	0	0	0
9.47	-0.108	-1.040	20.00	20.78	20.00	20.01	8.48	8.68	0	0	0	0
9.48	-0.108	-1.051	20.00	19.24	20.00	18.47	10.37	10.37	0	0	0	0
9.49	-0.108	-1.058	20.00	20.78	20.00	20.39	8.48	8.24	0	0	0	0
9.50	-0.108	-1.068	20.00	20.78	20.00	20.39	8.42	8.20	0	0	0	0
9.51	-0.108	-1.069	20.00	20.78	20.00	20.78	8.36	7.60	0	0	0	0
9.52	-0.108	-1.079	20.00	20.78	20.00	20.01	8.30	8.68	0	0	0	0
9.53	-0.108	-1.088	20.00	19.62	20.00	19.24	9.94	9.82	0	0	0	0
9.54	-0.108	-1.104	20.00	19.24	20.00	18.85	10.37	10.37	0	0	0	0
9.55	-0.108	-1.124	20.00	20.39	20.00	20.39	8.90	8.26	0	0	0	0
9.56	-0.108	-1.142	20.00	20.01	20.00	20.01	9.43	8.80	0	0	0	0
9.57	-0.108	-1.155	20.00	20.01	20.00	21.55	9.43	6.52	0	0	0	0
9.58	-0.108	-1.167	20.00	19.24	20.00	20.01	10.37	8.68	0	0	0	0
9.59	-0.108	-1.183	20.00	20.78	20.00	20.01	8.35	8.68	0	0	0	0
9.60	-0.108	-1.203	20.00	20.39	20.00	19.62	8.86	9.24	0	0	0	0
9.61	-0.108	-1.227	20.00	18.47	20.00	18.47	10.37	10.37	0	0	0	0
9.62	-0.108	-1.253	20.00	19.62	20.00	19.62	10.09	9.40	0	0	0	0
9.63	-0.108	-1.284	20.00	20.01	20.00	20.01	9.55	8.86	0	0	0	0
9.64	-0.108	-1.308	20.00	20.01	20.00	19.62	9.55	9.43	0	0	0	0
9.65	-0.108	-1.337	20.00	18.47	20.00	18.85	10.37	10.37	0	0	0	0
9.66	-0.108	-1.368	20.00	20.39	20.00	20.01	9.10	8.98	0	0	0	0
9.67	-0.108	-1.423	20.00	20.01	20.00	20.01	9.64	8.98	0	0	0	0
9.68	-0.108	-1.461	20.00	20.78	20.00	21.16	8.50	7.27	0	0	0	0
9.69	-0.108	-1.494	20.00	20.01	20.00	21.16	9.58	7.18	0	0	0	0
9.70	-0.108	-1.524	20.00	20.01	20.00	21.93	9.58	5.94	0	0	0	0
9.71	-0.108	-1.557	20.00	23.47	20.00	23.47	4.45	3.51	0	0	0	0
9.72	-0.108	-1.594	20.00	23.86	20.00	23.09	3.61	3.80	0	0	0	0
9.73	-0.108	-1.625	20.00	22.70	20.00	22.32	5.00	4.70	0	0	0	0
9.74	-0.108	-1.679	20.00	21.55	20.00	21.93	6.50	5.08	0	0	0	0
9.75	-0.108	-1.732	20.00	22.32	20.00	21.55	5.23	5.49	0	0	0	0
9.76	-0.108	-1.762	20.00	23.09	20.00	21.93	3.91	4.80	0	0	0	0
9.77	-0.108	-1.764	20.00	22.32	20.00	22.32	4.80	4.08	0	0	0	0
9.78	-0.108	-1.760	20.00	22.32	20.00	22.70	4.62	3.32	0	0	0	0
9.79	-0.108	-1.743	20.00	21.55	20.00	21.93	5.57	4.25	0	0	0	0
9.80	-0.108	-1.725	20.00	20.01	20.00	13.85	7.72	10.37	0	0	0	0
9.81	-0.108	-1.681	20.00	20.39	20.00	15.39	7.15	10.37	0	0	0	0
9.82	-0.108	-1.646	20.00	23.47	20.00	18.47	2.57	10.08	0	0	0	0
9.83	-0.108	-1.605	20.00	22.70	20.00	18.85	3.43	9.63	0	0	0	0
9.84	-0.108	-1.573	20.00	23.09	20.00	20.01	2.64	8.01	0	0	0	0
9.85	-0.108	-1.525	20.00	23.09	20.00	22.32	2.40	4.60	0	0	0	0
9.86	-0.108	-1.477	20.00	21.55	20.00	21.55	4.43	5.55	0	0	0	0
9.87	-0.108	-1.438	16.00	21.55	28.00	21.93	-1.62	10.37	1	1	0	0
9.88	-0.280	-1.406	16.00	21.93	28.00	21.93	-2.63	10.37	1	1	1	1
9.89	-0.280	-1.375	20.00	21.55	20.00	22.32	3.38	5.26	0	0	0	1
9.90	-0.280	-1.344	20.00	20.01	20.00	23.09	5.54	3.93	0	0	0	1
9.91	-0.280	-1.313	20.00	20.78	20.00	22.70	4.40	4.26	0	0	0	1
9.92	-0.280	-1.251	20.00	19.62	20.00	22.32	6.05	4.61	0	0	0	1
9.93	-0.280	-1.184	20.00	19.24	20.00	23.47	6.65	2.72	0	0	0	1
9.94	-0.280	-1.134	20.00	17.70	20.00	22.32	8.98	4.15	0	0	0	1
9.95	-0.280	-1.091	20.00	18.08	20.00	20.01	8.60	7.38	0	0	0	1
9.96	-0.280	-1.073	20.00	18.08	20.00	19.24	8.75	8.52	0	0	0	1
9.97	-0.280	-1.057	20.00	19.62	20.00	19.62	6.63	8.01	0	0	0	1
9.98	-0.280	-1.044	20.00	20.78	20.00	22.70	4.95	3.48	0	0	0	1
9.99	-0.280	-1.030	20.00	20.39	20.00	21.93	5.46	4.40	0	0	0	1
10.00	-0.280	-1.012	20.00	20.01	20.00	21.93	5.99	4.25	0	0	0	1
10.01	-0.280	-0.995	20.00	21.16	20.00	23.09	4.29	2.39	0	0	0	1
10.02	-0.280	-0.979	20.00	20.78	20.00	22.70	4.76	2.71	0	0	0	1
10.03	-0.280	-0.969	20.00	20.78	20.00	22.32	4.70	3.06	0	0	0	1
10.04	-0.280	-0.956	20.00	20.01	20.00	20.39	5.78	5.72	0	0	0	1
10.05	-0.280	-0.942	20.00	20.01	20.00	21.16	5.78	4.55	0	0	0	1
10.06	-0.280	-0.927	20.00	20.78	20.00	20.78	4.64	5.03	0	0	0	1
10.07	-0.280	-0.910	20.00	21.16	20.00	21.55	4.00	3.83	0	0	0	1
10.08	-0.280	-0.893	20.00	20.78	20.00	21.93	4.48	3.14	0	0	0	1
10.09	-0.280	-0.866	20.00	21.16	20.00	22.32	3.85	2.41	0	0	0	1
10.10	-0.280	-0.836	18.94	20.39	18.94	21.55	3.32	1.80	0	0	0	1
10.11	-0.280	-0.806	17.90	20.78	17.90	21.55	1.10	0.05	0	0	0	1
10.12	-0.280	-0.775	16.82	20.39	16.82	20.39	-0.15	-0.13	0	0	0	1
10.13	-0.280	-0.746	15.79	20.39	15.79	20.01	-1.97	-1.37	0	0	0	1
10.14	-0.280	-0.719	14.86	20.01	14.86	20.01	-3.15	-3.09	0	0	0	1
10.15	-0.280	-0.698	14.11	19.24	14.11	19.24	-3.53	-3.47	0	0	0	1
10.16	-0.280	-0.679	13.45	16.93	13.45	18.08	-1.50	-3.15	0	0	0	1
10.17	-0.280	-0.664	12.93	16.93	12.93	16.93	-2.54	-2.58	0	0	0	1
10.18	-0.280	-0.652	12.51	15.01	12.51	14.62	-0.65	-0.11	0	0	0	1
10.19	-0.280	-0.657	12.69	15.39	12.69	15.01	-1.14	-0.58	0	0	0	1
10.20	-0.280	-0.650	12.44	13.85	12.44	13.08	0.55	1.71	0	0	0	1
10.21	-0.280	-0.640	12.10	14.24	12.10	13.47	-0.64	0.59	0	0	0	1
10.22	-0.280	-0.632	11.81	13.85	11.81	13.08	-0.67	0.62	0	0	0	1
10.23	-0.280	-0.624	11.53	13.08	11.53	12.31	-0.11	1.24	0	0	0	1
10.24	-0.280	-0.615	11.24	12.70	11.24	12.31	-0.09	0.75	0	0	0	1
10.25	-0.280	-0.606	10.90	12.70	10.90	12.31	-0.71	0.16	0	0	0	1
10.26	-0.280	-0.595	10.52	11.93	10.52	11.54	-0.28	0.63	0	0	0	1
10.27	-0.280	-0.584	10.13	11.54	10.13	10.77	-0.40	1.10	0	0	0	1
10.28	-0.280	-0.573	9.75	11.54	9.75	11.54	-1.07	-0.65	0	0	0	1
10.29	-0.280	-0.567	9.56	11.16	9.56	10.77	-0.93	0.06	0	0	0	1
10.30	-0.280	-0.562	9.35	11.54	9.35	11.16	-1.94	-0.91	0	0	0	1
10.31	-0.280	-0.557	9.19	10.00	9.19	10.39	-0.08	-0.16	0	0	0	1
10.32	-0.280	-0.552	9.02	10.39	9.02	9.62	-0.96	0.64	0	0	0	1
10.33	-0.280	-0.547	8.85	10.00	8.85	10.00	-0.75	-0.23	0	0	0	1
10.34	-0.280	-0.542	8.68	9.23	8.68	10.00	0.05	-0.57	0	0	0	1
10.35	-0.280	-0.537	8.51	9.23	8.51	9.23	-0.25	0.21	0	0	0	1
10.36	-0.280	-0.532	8.31	9.23	8.31	9.23	-0.60	-0.15	0	0	0	1
10.37	-0.280	-0.524	8.05	8.85	8.05	8.85	-0.50	-0.04	0	0	0	1
10.38	-0.280	-0.515	7.73	8.85	7.73	8.08	-1.03	0.57	0	0	0	1
10.39	-0.280	-0.505	7.38	8.08	7.38	8.08	-0.50	0.01	0	0	0	1
10.40	-0.280	-0.495	7.00	8.08	7.00	8.08	-1.11	-0.60	0	0	0	1
10.41	-0.280	-0.486	6.70	7.70	6.70	8.08	-1.08	-1.13	0	0	0	1
10.42	-0.280	-0.480	6.48	7.31	6.48	7.31	-0.91	-0.42	0	0	0	1
10.43	-0.280	-0.476	6.35	7.31	6.35	7.31	-1.18	-0.69	0	0	0	1
10.44	-0.280	-0.475	6.32	6.54	6.32	6.93	-0.15	-0.23	0	0	0	1
10.45	-0.280	-0.476	6.37	6.16	6.37	6.54	0.48	0.36	0	0	0	1
10.46	-0.280	-0.479	6.47	6.16	6.47	6.54	0.64	0.49	0	0	0	1
10.47	-0.280	-0.483	6.59	5.77	6.59	5.77	1.41	1.81	0	0	0	1
10.48	-0.280	-0.486	6.72	5.39	6.72	5.77	2.23	2.06	0	0	0	1
10.49	-0.280	-0.490	6.85	5.39	6.85	5.77	2.54	2.33	0	0	0	1
10.50	-0.280	-0.495	7.02	5.39	7.02	5.77	2.91	2.67	0	0	0	1
10.51	-0.280	-0.500	7.21	5.39	7.21	5.77	3.32	3.05	0	0	0	1
10.52	-0.280	-0.506	7.42	5.77	7.42	5.77	3.20	3.47	0	0	0	1
10.53	-0.280	-0.513	7.65	6.16	7.65	6.16	3.10	3.37	0	0	0	1
10.54	-0.280	-0.520	7.90	6.16	7.90	6.16	3.59	3.86	0	0	0	1
10.55	-0.280	-0.527	8.15	6.54	8.15	6.54	3.54	3.81	0	0	0	1
10.56	-0.280	-0.534	8.38	6.54	8.38	6.93	4.01	3.71	0	0	0	1
10.57	-0.280	-0.536	8.47	6.54	8.47	6.93	4.29	3.96	0	0	0	1
10.58	-0.280	-0.539	8.56	7.31	8.56	7.31	3.43	3.64	0	0	0	1
10.59	-0.280	-0.541	8.62	6.93	8.62	7.31	4.19	3.84	0	0	0	1
10.60	-0.280	-0.542	8.67	7.70	8.67	8.08	3.26	2.87	0	0	0	1
10.61	-0.280	-0.542	8.68	8.08	8.68	8.47	2.79	2.37	0	0	0	1
10.62	-0.280	-0.542	8.67	8.47	8.67	8.47	2.25	2.37	0	0	0	1
10.63	-0.280	-0.540	8.60	8.47	8.60	8.85	2.17	1.72	0	0	0	1
10.64	-0.280	-0.538	8.53	8.47	8.53	8.85	2.07	1.59	0	0	0	1
10.65	-0.280	-0.536	8.44	8.47	8.44	8.85	1.95	1.44	0	0	0	1
10.66	-0.280	-0.533	8.36	7.70	8.36	7.70	2.96	2.98	0	0	0	1
10.67	-0.280	-0.531	8.28	8.47	8.28	8.47	1.75	1.78	0	0	0	1
10.68	-0.280	-0.529	8.22	8.47	8.22	8.47	1.66	1.68	0	0	0	1
10.69	-0.280	-0.529	8.20	8.47	8.20	8.47	1.61	1.63	0	0	0	1
10.70	-0.280	-0.529	8.20	8.08	8.20	8.08	2.15	2.18	0	0	0	1
10.71	-0.280	-0.529	8.21	8.08	8.21	8.08	2.17	2.20	0	0	0	1
10.72	-0.280	-0.530	8.24	8.08	8.24	8.08	2.23	2.25	0	0	0	1
10.73	-0.280	-0.531	8.29	8.47	8.29	8.08	1.75	2.35	0	0	0	1
10.74	-0.280	-0.533	8.36	7.70	8.36	7.31	2.98	3.61	0	0	0	1
10.75	-0.280	-0.536	8.44	7.70	8.44	7.70	3.15	3.24	0	0	0	1
10.76	-0.280	-0.538	8.54	8.08	8.54	8.47	2.78	2.30	0	0	0	1
10.77	-0.280	-0.541	8.62	8.08	8.62	8.47	2.95	2.43	0	0	0	1
10.78	-0.280	-0.542	8.67	8.47	8.67	8.47	2.49	2.51	0	0	0	1
10.79	-0.280	-0.542	8.68	8.47	8.68	8.85	2.52	1.98	0	0	0	1
10.80	-0.280	-0.541	8.65	8.08	8.65	8.08	3.06	3.06	0	0	0	1
10.81	-0.280	-0.540	8.59	8.08	8.59	8.85	3.02	1.87	0	0	0	1
10.82	-0.280	-0.537	8.50	8.47	8.50	8.08	2.35	2.86	0	0	0	1
10.83	-0.280	-0.535	8.41	8.47	8.41	8.47	2.23	2.20	0	0	0	1
10.84	-0.280	-0.532	8.31	8.85	8.31	8.85	1.50	1.47	0	0	0	1
10.85	-0.280	-0.530	8.23	8.47	8.23	8.47	1.92	1.88	0	0	0	1
10.86	-0.280	-0.527	8.15	8.47	8.15	8.47	1.78	1.74	0	0	0	1
10.87	-0.280	-0.525	8.09	8.85	8.09	8.47	1.09	1.62	0	0	0	1
10.88	-0.280	-0.523	8.02	8.08	8.02	7.70	2.07	2.63	0	0	0	1
10.89	-0.280	-0.522	7.96	8.47	7.96	8.08	1.40	1.99	0	0	0	1
10.90	-0.280	-0.519	7.86	8.08	7.86	8.47	1.78	1.27	0	0	0	1
10.91	-0.280	-0.516	7.76	8.47	7.76	8.47	1.05	1.08	0	0	0	1
10.92	-0.280	-0.513	7.64	8.08	7.64	8.08	1.38	1.41	0	0	0	1
10.93	-0.280	-0.509	7.52	6.93	7.52	7.70	2.88	1.77	0	0	0	1
10.94	-0.280	-0.506	7.40	7.70	7.40	7.70	1.61	1.58	0	0	0	1
10.95	-0.280	-0.503	7.30	7.70	7.30	8.08	1.43	0.83	0	0	0	1
10.96	-0.280	-0.501	7.22	7.70	7.22	7.31	1.29	1.80	0	0	0	1
10.97	-0.280	-0.500	7.18	6.93	7.18	7.70	2.34	1.16	0	0	0	1
10.98	-0.280	-0.499	7.17	7.31	7.17	7.31	1.77	1.67	0	0	0	1
10.99	-0.280	-0.499	7.16	7.31	7.16	7.31	1.75	1.65	0	0	0	1
11.00	-0.280	-0.499	7.15	7.31	7.15	7.70	1.72	1.05	0	0	0	1

