0.00	-0.148	0.004	-10.82	0.16	-28.39	0.16	-10.29	-10.29	1	1	0	0
0.01	-0.148	0.004	-4.86	-1.41	-12.70	-1.41	-7.94	-10.29	1	1	0	0
0.02	-0.148	-0.012	-4.55	-4.55	-11.76	-7.69	-1.12	-10.29	1	1	0	0
0.03	-0.148	-0.043	-2.98	-4.55	-8.00	-8.94	1.71	-1.35	1	1	0	0
0.04	-0.148	-0.082	-1.73	-3.61	-4.23	-10.51	3.23	9.58	1	1	0	0
0.05	-0.148	-0.129	-0.16	-3.61	-0.78	-6.74	6.29	9.47	1	1	0	0
0.06	-0.148	-0.184	0.78	-1.41	2.67	-0.16	4.76	4.06	1	1	0	0
0.07	-0.148	-0.184	-0.47	-0.47	-1.73	0.16	-0.29	-7.00	1	1	0	0
0.08	-0.148	-0.184	-0.78	-0.16	-2.35	0.16	-1.59	-7.59	1	1	0	0
0.09	-0.148	-0.169	-2.04	-0.16	-2.04	-2.67	-4.29	-1.59	0	1	0	0
0.10	-0.148	-0.161	-2.04	-1.41	-2.04	-3.29	-2.06	-0.06	0	1	0	0
0.11	-0.148	-0.176	-0.16	-1.73	-0.16	-1.10	2.76	-0.53	0	1	0	0
0.12	-0.148	-0.192	0.16	-1.41	0.16	-1.10	2.76	0.18	0	1	0	0
0.13	-0.148	-0.200	0.16	-0.47	0.47	-1.10	1.71	1.59	1	1	0	0
0.14	-0.148	-0.208	0.16	-0.16	0.47	-0.16	1.00	0.18	1	1	0	0
0.15	-0.148	-0.208	0.16	-0.47	0.16	0.16	1.59	-1.00	1	1	0	0
0.16	-0.148	-0.208	0.16	0.16	0.47	-0.47	0.18	0.76	1	1	0	0
0.17	-0.148	-0.208	0.16	0.16	0.47	-0.47	0.18	0.65	1	1	0	0
0.18	-0.148	-0.200	0.16	0.16	0.47	0.16	0.18	-0.76	1	1	0	0
0.19	-0.148	-0.200	0.16	0.16	0.47	0.16	0.29	-0.53	1	1	0	0
0.20	-0.148	-0.200	0.16	0.16	0.47	0.16	0.29	-0.29	1	1	0	0
0.21	-0.148	-0.200	0.16	0.16	0.47	0.16	0.29	-0.53	1	1	0	0
0.22	-0.148	-0.192	0.16	0.16	0.16	0.16	0.18	-0.65	1	1	0	0
0.23	-0.148	-0.192	0.16	0.16	0.47	0.16	0.29	-0.53	1	1	0	0
0.24	-0.148	-0.192	0.16	0.16	0.47	0.16	0.53	0.06	1	1	0	0
0.25	-0.148	-0.192	0.16	0.16	0.78	0.16	0.65	0.41	1	1	0	0
0.26	-0.148	-0.192	0.16	0.16	0.78	0.16	0.76	0.65	1	1	0	0
0.27	-0.148	-0.192	0.47	0.16	1.10	0.16	1.00	1.23	1	1	0	0
0.28	-0.148	-0.192	0.47	0.16	1.10	0.16	1.12	1.47	1	1	0	0
0.29	-0.148	-0.192	0.47	0.16	1.41	0.16	1.23	1.94	1	1	0	0
0.30	-0.148	-0.192	0.47	0.16	1.41	0.16	1.47	2.41	1	1	0	0
0.31	-0.148	-0.192	0.47	0.16	1.73	0.16	1.59	2.06	1	1	0	0
0.32	-0.148	-0.192	0.47	0.16	1.73	0.16	1.71	2.41	1	1	0	0
0.33	-0.148	-0.192	0.47	0.16	1.73	0.16	1.82	3.47	1	1	0	0
0.34	-0.148	-0.192	0.78	0.16	2.04	0.16	2.06	3.23	1	1	0	0
0.35	-0.148	-0.192	0.78	0.16	2.04	0.16	2.29	3.59	1	1	0	0
0.36	-0.148	-0.192	0.78	0.16	2.35	0.16	2.53	4.41	1	1	0	0
0.37	-0.148	-0.192	0.78	0.16	2.67	1.10	2.76	3.12	1	1	0	0
0.38	-0.148	-0.184	0.78	0.16	2.04	1.10	2.29	2.18	1	1	0	0
0.39	-0.148	-0.184	0.78	0.47	2.04	1.10	0.88	2.41	1	1	0	0
0.40	-0.148	-0.184	0.78	0.16	2.35	0.47	2.88	4.17	1	1	0	0
0.41	-0.148	-0.184	0.78	0.16	2.67	0.47	3.00	4.65	1	1	0	0
0.42	-0.148	-0.184	1.41	0.16	1.41	1.73	4.06	-0.18	0	1	0	0
0.43	-0.148	-0.184	1.10	0.16	1.10	1.41	3.94	0.18	0	1	0	0
0.44	-0.148	-0.184	1.41	0.16	1.41	1.41	3.70	0.65	0	1	0	0
0.45	-0.148	-0.184	1.73	1.10	1.73	0.47	2.76	2.88	0	1	0	0
0.46	-0.148	-0.192	2.04	0.47	2.04	1.10	4.17	2.76	0	1	0	0
0.47	-0.148	-0.184	1.73	0.47	1.73	1.41	3.94	1.59	0	1	0	0
0.48	-0.148	-0.184	1.73	0.47	1.73	1.10	4.06	2.53	0	1	0	0
0.49	-0.148	-0.184	1.73	1.73	1.73	1.10	1.82	2.65	0	1	0	0
0.50	-0.148	-0.184	1.73	1.73	1.73	1.10	1.82	2.65	0	1	0	0
0.51	-0.148	-0.184	2.04	1.10	2.04	1.10	3.47	2.76	0	1	0	0
0.52	-0.148	-0.184	2.04	1.73	2.04	1.41	1.94	2.06	0	1	0	0
0.53	-0.148	-0.184	2.04	1.41	2.04	1.41	3.12	2.53	0	1	0	0
0.54	-0.148	-0.184	2.04	2.04	2.04	0.47	1.47	4.06	0	1	0	0
0.55	-0.148	-0.184	2.35	2.04	2.35	1.73	2.06	2.29	0	1	0	0
0.56	-0.148	-0.184	2.04	1.73	2.04	1.73	2.53	2.06	0	1	0	0
0.57	-0.148	-0.184	1.41	1.73	4.24	1.41	1.23	7.00	1	1	0	0
0.58	-0.148	-0.184	1.73	1.73	4.55	2.04	1.47	6.41	1	1	0	0
0.59	-0.148	-0.176	2.04	1.73	2.04	2.98	2.53	0.06	0	1	0	0
0.60	-0.148	-0.169	1.73	1.41	1.73	2.98	2.29	-0.88	0	1	0	0
0.61	-0.148	-0.169	1.73	1.73	1.73	2.67	1.82	0.06	0	1	0	0
0.62	-0.148	-0.169	2.04	1.73	2.04	2.67	2.53	0.53	0	1	0	0
0.63	-0.148	-0.169	2.35	2.04	2.35	2.04	2.41	2.06	0	1	0	0
0.64	-0.148	-0.176	2.98	2.04	2.98	2.04	3.35	3.00	0	1	0	0
0.65	-0.148	-0.184	3.29	2.04	3.29	2.04	4.17	3.82	0	1	0	0
0.66	-0.148	-0.192	3.29	2.67	3.29	2.04	3.82	4.17	0	1	0	0
0.67	-0.148	-0.192	3.29	2.67	3.29	2.04	3.59	4.06	0	1	0	0
0.68	-0.148	-0.192	3.29	2.98	3.29	3.29	2.88	1.82	0	1	0	0
0.69	-0.148	-0.192	3.29	2.98	3.29	2.98	3.00	2.65	0	1	0	0
0.70	-0.148	-0.192	3.29	2.98	3.29	2.98	3.12	2.76	0	1	0	0
0.71	-0.148	-0.192	3.61	3.29	3.61	3.29	2.76	2.41	0	1	0	0
0.72	-0.148	-0.192	3.61	3.29	3.61	2.98	2.88	3.35	0	1	0	0
0.73	-0.148	-0.192	3.61	3.29	3.61	3.29	2.88	2.53	0	1	0	0
0.74	-0.148	-0.192	3.61	3.29	3.61	3.29	2.76	2.53	0	1	0	0
0.75	-0.148	-0.192	3.61	3.61	3.61	2.98	2.41	3.70	0	1	0	0
0.76	-0.148	-0.192	3.92	3.61	3.92	3.29	2.76	3.35	0	1	0	0
0.77	-0.148	-0.192	3.92	3.61	3.92	3.29	2.53	3.12	0	1	0	0
0.78	-0.148	-0.184	3.92	3.29	3.92	3.61	3.47	2.53	0	1	0	0
0.79	-0.148	-0.184	3.92	3.61	3.92	3.61	3.00	2.76	0	1	0	0
0.80	-0.148	-0.184	3.92	3.92	3.92	3.29	2.29	3.70	0	1	0	0
0.81	-0.148	-0.184	4.24	3.61	4.24	3.61	3.35	3.23	0	1	0	0
0.82	-0.148	-0.192	4.24	3.92	4.24	3.61	2.76	3.47	0	1	0	0
0.83	-0.148	-0.192	4.24	3.92	4.24	3.61	2.88	3.59	0	1	0	0
0.84	-0.148	-0.184	2.98	3.61	8.00	3.92	1.00	10.29	1	1	0	0
0.85	-0.148	-0.192	2.98	3.61	8.31	4.86	1.23	9.70	1	1	0	0
0.86	-0.148	-0.176	2.35	3.61	6.12	8.00	-0.41	-0.76	1	1	0	0
0.87	-0.148	-0.153	1.73	3.29	1.73	8.63	-0.76	-10.29	0	1	0	0
0.88	-0.148	-0.129	1.41	2.98	1.41	6.12	-0.88	-7.11	0	1	0	0
0.89	-0.148	-0.114	0.78	2.67	0.78	0.16	-1.71	2.76	0	1	0	0
0.90	-0.148	-0.129	3.61	2.98	3.61	0.47	3.23	8.06	0	1	0	0
0.91	-0.148	-0.153	3.92	2.04	3.92	1.41	5.70	7.59	0	1	0	0
0.92	-0.148	-0.169	4.55	2.98	4.55	4.55	5.47	2.65	0	1	0	0
0.93	-0.148	-0.184	5.49	4.55	5.49	6.12	4.29	1.23	0	1	0	0
0.94	-0.148	-0.184	4.55	4.86	4.55	3.61	1.82	4.29	0	1	0	0
0.95	-0.148	-0.192	5.18	5.49	5.18	3.61	1.23	5.47	0	1	0	0
0.96	-0.148	-0.200	5.80	5.18	5.80	4.55	3.35	5.23	0	1	0	0
0.97	-0.148	-0.216	6.74	5.18	6.74	5.18	5.12	5.47	0	1	0	0
0.98	-0.148	-0.224	6.43	6.12	6.43	5.18	3.23	5.23	0	1	0	0
0.99	-0.148	-0.224	6.12	4.86	6.12	5.18	5.12	4.76	0	1	0	0
1.00	-0.148	-0.216	5.80	4.86	5.80	6.74	4.17	0.65	0	1	0	0
1.01	-0.148	-0.208	5.80	5.18	5.80	6.74	3.82	0.88	0	1	0	0
1.02	-0.148	-0.208	5.80	6.12	5.80	6.74	2.53	1.00	0	1	0	0
1.03	-0.148	-0.200	5.80	5.49	5.80	6.43	3.23	1.71	0	1	0	0
1.04	-0.148	-0.200	6.12	5.49	6.12	6.12	3.47	2.65	0	1	0	0
1.05	-0.148	-0.200	6.12	5.49	6.12	6.43	3.82	2.18	0	1	0	0
1.06	-0.148	-0.200	6.12	5.49	6.12	5.49	3.94	3.82	0	1	0	0
1.07	-0.148	-0.200	6.12	6.12	6.12	5.49	3.00	3.70	0	1	0	0
1.08	-0.148	-0.200	6.12	6.12	6.12	6.43	3.12	2.29	0	1	0	0
1.09	-0.148	-0.192	6.12	6.12	6.12	5.49	2.76	3.47	0	1	0	0
1.10	-0.148	-0.192	6.12	6.12	6.12	6.12	2.76	2.76	0	1	0	0
1.11	-0.148	-0.184	6.12	6.12	6.12	6.12	2.88	2.76	0	1	0	0
1.12	-0.148	-0.184	6.12	6.43	6.12	6.12	2.41	3.12	0	1	0	0
1.13	-0.148	-0.184	6.43	6.12	6.43	6.43	3.70	2.88	0	1	0	0
1.14	-0.148	-0.184	6.43	6.12	6.43	6.12	3.59	3.59	0	1	0	0
1.15	-0.148	-0.184	6.43	6.43	6.43	6.12	2.88	3.70	0	1	0	0
1.16	-0.148	-0.184	6.43	6.12	6.43	6.43	4.06	3.23	0	0	0	0
1.17	-0.148	-0.184	6.43	6.43	6.43	6.74	3.35	2.41	0	0	0	0
1.18	-0.148	-0.184	6.43	6.43	6.43	6.12	2.76	3.47	0	0	0	0
1.19	-0.148	-0.184	14.27	6.74	2.35	6.12	10.29	-4.41	0	0	1	0
1.20	-0.148	-0.176	14.27	7.69	2.35	6.12	10.29	-4.65	0	0	1	0
1.21	-0.148	-0.176	13.96	10.51	2.35	3.61	10.29	-0.29	0	0	1	0
1.22	-0.148	-0.153	9.88	12.08	1.73	2.98	-0.41	-0.29	0	0	1	0
1.23	-0.148	-0.145	11.76	11.76	2.04	3.92	3.82	-2.18	0	0	1	0
1.24	-0.148	-0.129	9.25	11.14	1.41	3.92	0.29	-3.23	0	0	1	0
1.25	-0.148	-0.122	9.25	10.51	1.41	2.98	1.23	-1.00	0	0	1	0
1.26	-0.148	-0.122	9.57	10.20	1.73	2.98	2.18	-1.12	0	0	1	0
1.27	-0.148	-0.114	9.25	9.88	1.41	2.67	2.76	-0.41	0	0	1	0
1.28	-0.148	-0.114	8.94	10.20	1.41	2.04	0.88	0.06	0	0	1	0
1.29	-0.148	-0.114	8.94	10.20	1.41	1.73	0.76	0.76	0	0	1	0
1.30	-0.148	-0.114	8.63	9.88	1.41	1.73	1.35	0.65	0	0	1	0
1.31	-0.148	-0.114	8.94	9.88	1.41	1.41	1.59	1.59	0	0	1	0
1.32	-0.148	-0.114	9.25	9.57	1.41	1.41	2.88	1.71	0	0	1	0
1.33	-0.148	-0.122	9.88	9.57	1.73	1.73	3.94	1.12	0	0	1	0
1.34	-0.148	-0.122	10.20	8.94	1.73	1.10	5.70	2.76	0	0	1	0
1.35	-0.148	-0.129	9.88	10.20	1.73	1.10	2.76	2.76	0	0	1	0
1.36	-0.148	-0.129	9.57	10.51	1.73	0.47	1.47	3.59	0	0	1	0
1.37	-0.148	-0.129	9.88	10.20	1.73	1.41	2.88	2.18	0	0	1	0
1.38	-0.148	-0.137	10.51	10.51	1.73	1.73	3.23	1.59	0	0	1	0
1.39	-0.148	-0.137	10.51	10.51	1.73	1.41	3.00	2.41	0	0	1	0
1.40	-0.148	-0.137	10.51	10.20	1.73	1.10	3.94	3.23	0	0	1	0
1.41	-0.148	-0.145	11.14	10.51	1.73	1.41	4.29	2.65	0	0	1	0
1.42	-0.148	-0.145	11.76	11.14	2.04	1.73	4.76	2.18	0	0	1	0
1.43	-0.148	-0.153	5.18	11.14	5.18	1.73	-8.53	8.88	0	0	0	0
1.44	-0.148	-0.153	5.49	9.57	5.49	2.67	-5.35	7.94	0	0	0	0
1.45	-0.148	-0.145	4.86	4.55	4.86	4.86	3.35	2.18	0	0	0	0
1.46	-0.148	-0.137	3.92	3.61	3.92	4.86	3.12	0.29	0	0	0	0
1.47	-0.148	-0.153	5.80	5.18	5.80	3.92	4.06	5.82	0	0	0	0
1.48	-0.148	-0.161	5.80	6.12	5.80	3.61	2.41	6.64	0	0	0	0
1.49	-0.148	-0.169	6.43	6.12	6.43	5.18	3.35	4.65	0	0	0	0
1.50	-0.148	-0.176	6.43	6.12	6.43	5.18	3.82	5.23	0	0	0	0
1.51	-0.148	-0.176	14.27	6.74	2.35	5.49	10.29	-3.82	0	0	1	0
1.52	-0.148	-0.184	14.59	8.31	2.67	5.49	10.29	-3.94	0	0	1	0
1.53	-0.148	-0.184	15.53	12.08	2.67	4.55	10.29	-1.35	0	0	1	0
1.54	-0.148	-0.200	16.78	13.65	2.98	2.98	10.29	2.06	0	0	1	0
1.55	-0.148	-0.176	11.76	13.65	2.04	3.61	0.53	-1.35	0	0	1	0
1.56	-0.148	-0.161	11.76	12.39	2.04	3.92	2.53	-2.41	0	0	1	0
1.57	-0.148	-0.145	10.82	12.08	1.73	3.92	1.23	-2.88	0	0	1	0
1.58	-0.148	-0.137	10.20	11.76	1.73	3.61	1.12	-2.41	0	0	1	0
1.59	-0.148	-0.129	9.25	11.45	1.41	2.98	-0.18	-1.35	0	0	1	0
1.60	-0.148	-0.114	8.63	11.14	1.41	2.04	-0.76	-0.06	0	0	1	0
1.61	-0.148	-0.106	7.69	11.14	1.41	1.73	-2.88	0.18	0	0	1	0
1.62	-0.148	-0.098	7.37	9.88	1.10	1.73	-1.94	0.06	0	0	1	0
1.63	-0.148	-0.098	2.98	9.57	2.98	1.41	-9.94	4.65	0	0	0	0
1.64	-0.148	-0.090	2.98	6.74	2.98	1.41	-5.12	4.53	0	0	0	0
1.65	-0.148	-0.122	5.49	3.29	5.49	2.98	6.88	6.76	0	0	0	0
1.66	-0.148	-0.137	5.80	2.98	5.80	1.41	8.41	10.29	0	0	0	0
1.67	-0.148	-0.161	7.06	6.12	7.06	2.04	4.88	10.29	0	0	0	0
1.68	-0.148	-0.169	6.12	8.00	6.12	6.12	-0.53	2.76	0	0	0	0
1.69	-0.148	-0.161	5.49	8.00	5.49	8.00	-2.29	-2.65	0	0	0	0
1.70	-0.148	-0.161	5.49	7.06	5.49	7.06	-1.12	-1.47	0	0	0	0
1.71	-0.148	-0.153	11.76	6.43	2.04	6.74	10.29	-7.82	0	0	1	0
1.72	-0.148	-0.153	11.76	8.00	2.04	4.55	10.29	-3.35	0	0	1	0
1.73	-0.148	-0.153	13.02	11.76	2.35	2.04	5.35	1.59	0	0	1	0
1.74	-0.148	-0.145	9.88	10.20	1.73	2.04	2.18	0.41	0	0	1	0
1.75	-0.148	-0.153	13.65	9.88	2.35	2.98	10.29	0.18	0	0	1	0
1.76	-0.148	-0.161	13.33	10.20	2.35	2.98	9.94	0.06	0	0	1	0
1.77	-0.148	-0.153	12.39	11.76	2.04	2.67	4.88	0.41	0	0	1	0
1.78	-0.148	-0.145	9.88	12.39	1.73	2.67	-1.47	-0.41	0	0	1	0
1.79	-0.148	-0.129	8.94	12.39	1.41	2.04	-4.06	-0.06	0	0	1	0
1.80	-0.148	-0.122	8.63	11.14	1.41	2.04	-1.71	-0.29	0	0	1	0
1.81	-0.148	-0.114	8.63	10.20	1.41	2.04	-0.41	-0.29	0	0	1	0
1.82	-0.148	-0.106	8.00	9.57	1.41	1.73	-0.06	0.06	0	0	1	0
1.83	-0.148	-0.106	3.29	8.63	3.29	1.73	-8.29	4.17	0	0	0	0
1.84	-0.148	-0.098	3.29	7.06	3.29	1.41	-5.70	4.88	0	0	0	0
1.85	-0.148	-0.106	3.92	4.55	3.92	2.98	0.76	3.12	0	0	0	0
1.86	-0.148	-0.129	5.80	3.29	5.80	1.41	7.11	10.29	0	0	0	0
1.87	-0.148	-0.161	7.06	4.86	7.06	2.04	6.53	10.29	0	0	0	0
1.88	-0.148	-0.169	6.43	6.74	6.43	6.12	1.47	2.76	0	0	0	0
1.89	-0.148	-0.169	5.49	6.74	5.49	6.74	-0.06	-0.29	0	0	0	0
1.90	-0.148	-0.161	5.49	7.06	5.49	6.74	-1.12	-0.53	0	0	0	0
1.91	-0.148	-0.161	5.49	6.74	5.49	6.74	-0.29	-0.53	0	0	0	0
1.92	-0.148	-0.161	5.49	5.49	5.49	6.12	2.06	1.00	0	0	0	0
1.93	-0.148	-0.161	5.80	6.12	5.80	6.12	1.59	1.35	0	0	0	0
1.94	-0.148	-0.161	13.33	6.12	2.35	5.49	10.29	-5.12	0	0	1	0
1.95	-0.148	-0.169	13.96	7.69	2.35	5.18	10.29	-4.29	0	0	1	0
1.96	-0.148	-0.184	16.47	11.45	2.98	3.92	10.29	-1.12	0	0	1	0
1.97	-0.148	-0.208	19.61	12.08	3.29	2.98	10.29	2.18	0	0	1	0
1.98	-0.148	-0.216	18.98	13.02	3.29	3.61	10.29	0.41	0	0	1	0
1.99	-0.148	-0.208	16.78	14.59	2.98	3.61	9.70	-0.29	0	0	1	0
2.00	-0.148	-0.192	6.43	14.90	6.43	3.61	-10.29	6.76	0	0	0	0
2.01	-0.148	-0.176	6.12	13.33	6.12	3.92	-10.29	5.70	0	0	0	0
2.02	-0.148	-0.169	5.80	5.18	5.80	5.49	4.53	1.71	0	1	0	0
2.03	-0.148	-0.145	4.86	1.10	4.86	6.43	10.29	-1.35	0	1	0	0
2.04	-0.148	-0.176	8.31	5.49	8.31	3.92	9.35	10.05	0	1	0	0
2.05	-0.148	-0.184	7.69	8.94	7.69	4.55	1.47	8.76	0	1	0	0
2.06	-0.148	-0.176	4.86	11.76	12.39	7.69	-10.29	10.29	1	1	0	0
2.07	-0.148	-0.161	3.92	9.57	10.82	8.94	-7.70	5.70	1	1	0	0
2.08	-0.148	-0.145	3.29	2.67	8.94	10.51	4.65	-1.12	1	1	0	0
2.09	-0.148	-0.122	2.67	2.67	7.06	10.20	3.23	-4.17	1	1	0	0
2.10	-0.148	-0.114	2.98	3.61	7.69	8.00	1.35	1.47	1	1	0	0
2.11	-0.148	-0.114	3.29	3.61	8.63	6.74	1.94	5.70	1	1	0	0
2.12	-0.148	-0.106	2.98	4.55	8.31	7.06	0.18	4.53	1	1	0	0
2.13	-0.148	-0.122	3.92	3.61	10.20	8.63	3.23	5.59	1	1	0	0
2.14	-0.148	-0.137	4.24	4.55	10.82	8.94	2.18	6.29	1	1	0	0
2.15	-0.148	-0.145	4.55	3.92	11.76	10.51	3.70	5.12	1	1	0	0
2.16	-0.148	-0.161	4.86	4.55	12.70	9.88	3.82	8.88	1	1	0	0
2.17	-0.148	-0.161	4.24	4.86	11.45	9.57	1.94	7.23	1	1	0	0
2.18	-0.148	-0.161	6.43	5.18	6.43	11.14	5.35	-6.29	0	1	0	0
2.19	-0.148	-0.153	5.80	5.18	5.80	9.88	4.17	-5.59	0	1	0	0
2.20	-0.148	-0.145	5.80	6.12	5.80	6.74	2.41	0.18	0	1	0	0
2.21	-0.148	-0.137	5.18	6.74	5.18	5.18	0.06	2.53	0	1	0	0
2.22	-0.148	-0.161	7.37	6.12	7.37	6.12	5.94	5.35	0	1	0	0
2.23	-0.148	-0.169	7.06	5.18	7.06	6.74	7.00	3.23	0	1	0	0
2.24	-0.148	-0.176	7.37	4.86	7.37	7.69	8.76	2.41	0	1	0	0
2.25	-0.148	-0.184	7.69	6.43	7.69	8.00	5.82	1.71	0	1	0	0
2.26	-0.148	-0.184	7.69	7.69	7.69	8.00	3.59	1.82	0	1	0	0
2.27	-0.148	-0.176	7.06	7.69	7.06	7.69	2.41	1.35	0	1	0	0
2.28	-0.148	-0.169	6.74	7.06	6.74	7.69	2.88	1.00	0	1	0	0
2.29	-0.148	-0.169	7.06	7.06	7.06	7.06	3.00	1.94	0	1	0	0
2.30	-0.148	-0.169	7.06	7.69	7.06	7.06	2.18	1.82	0	1	0	0
2.31	-0.148	-0.169	7.06	7.69	7.06	6.74	2.18	2.76	0	1	0	0
2.32	-0.148	-0.169	7.06	7.69	7.06	7.06	2.29	2.06	0	1	0	0
2.33	-0.148	-0.169	7.06	7.69	7.06	7.06	2.41	2.29	0	1	0	0
2.34	-0.148	-0.169	7.37	7.06	7.37	6.74	3.47	3.35	0	1	0	0
2.35	-0.148	-0.169	7.37	7.69	7.37	6.74	3.12	3.82	0	1	0	0
2.36	-0.148	-0.176	7.69	8.00	7.69	7.69	3.00	2.88	0	1	0	0
2.37	-0.148	-0.176	8.00	7.69	8.00	7.69	4.41	3.70	0	1	0	0
2.38	-0.148	-0.184	8.00	8.31	8.00	6.74	2.65	5.00	0	1	0	0
2.39	-0.148	-0.184	8.00	8.31	8.00	7.06	2.65	4.29	0	1	0	0
2.40	-0.148	-0.184	8.31	8.63	8.31	7.69	2.29	4.06	0	1	0	0
2.41	-0.148	-0.184	8.31	8.31	8.31	8.00	3.00	3.23	0	1	0	0
2.42	-0.148	-0.184	8.31	8.63	8.31	7.69	2.06	4.06	0	1	0	0
2.43	-0.148	-0.184	8.31	8.31	8.31	7.69	2.88	4.17	0	1	0	0
2.44	-0.148	-0.176	8.31	8.31	8.31	8.31	2.88	2.53	0	1	0	0
2.45	-0.148	-0.176	8.31	8.31	8.31	8.31	3.12	2.76	0	1	0	0
2.46	-0.148	-0.176	8.31	8.31	8.31	8.31	3.35	3.12	0	1	0	0
2.47	-0.148	-0.176	8.31	8.63	8.31	7.69	2.53	4.53	0	1	0	0
2.48	-0.148	-0.176	8.31	8.00	8.31	8.31	3.70	2.76	0	1	0	0
2.49	-0.148	-0.176	8.00	8.31	8.00	8.63	2.65	1.59	0	1	0	0
2.50	-0.148	-0.169	8.00	8.31	8.00	8.31	2.65	2.41	0	0	0	0
2.51	-0.148	-0.169	8.00	8.31	8.00	8.63	2.76	1.59	0	0	0	0
2.52	-0.148	-0.169	8.00	8.00	8.00	8.31	3.47	2.41	0	0	0	0
2.53	-0.148	-0.169	8.00	8.31	8.00	8.00	2.76	3.23	0	0	0	0
2.54	-0.148	-0.169	8.31	8.31	8.31	8.00	2.88	3.35	0	0	0	0
2.55	-0.148	-0.169	8.31	8.31	8.31	8.31	3.00	2.76	0	0	0	0
2.56	-0.148	-0.161	8.00	8.31	8.00	8.31	2.76	2.41	0	0	0	0
2.57	-0.148	-0.161	8.00	8.31	8.00	8.31	2.76	2.41	0	0	0	0
2.58	-0.148	-0.161	8.31	8.31	8.31	8.31	2.76	2.53	0	0	0	0
2.59	-0.148	-0.161	8.00	8.31	8.00	8.31	2.65	2.41	0	0	0	0
2.60	-0.148	-0.161	8.31	8.31	8.31	8.00	2.76	3.23	0	0	0	0
2.61	-0.148	-0.161	8.31	8.00	8.31	8.00	3.59	3.35	0	0	0	0
2.62	-0.148	-0.161	8.31	8.31	8.31	8.31	2.88	2.65	0	0	0	0
2.63	-0.148	-0.161	8.31	8.63	8.31	8.31	2.29	2.88	0	0	0	0
2.64	-0.148	-0.161	8.31	8.63	8.31	8.31	2.18	2.76	0	0	0	0
2.65	-0.148	-0.161	8.31	8.31	8.31	8.00	3.00	3.70	0	0	0	0
2.66	-0.148	-0.161	8.31	8.31	8.31	8.00	3.12	3.82	0	0	0	0
2.67	-0.148	-0.161	8.31	8.31	8.31	8.31	3.23	3.12	0	0	0	0
2.68	-0.148	-0.161	8.31	8.63	8.31	8.63	2.29	2.18	0	0	0	0
2.69	-0.148	-0.161	8.31	8.63	8.31	8.31	2.29	3.00	0	0	0	0
2.70	-0.148	-0.161	8.31	8.31	8.31	8.00	3.00	3.70	0	0	0	0
2.71	-0.148	-0.153	8.31	8.31	8.31	8.63	3.00	2.06	0	0	0	0
2.72	-0.148	-0.153	8.31	8.63	8.31	8.63	2.29	2.18	0	0	0	0
2.73	-0.148	-0.153	8.31	8.31	8.31	8.31	2.88	2.76	0	0	0	0
2.74	-0.148	-0.153	8.31	8.31	8.31	8.00	2.65	3.35	0	0	0	0
2.75	-0.148	-0.153	8.31	8.63	8.31	8.00	1.94	3.47	0	0	0	0
2.76	-0.148	-0.153	8.31	8.31	8.31	8.31	2.65	2.65	0	0	0	0
2.77	-0.148	-0.153	8.31	8.31	8.31	8.94	2.88	1.23	0	0	0	0
2.78	-0.148	-0.153	8.31	8.31	8.31	8.31	3.00	2.88	0	0	0	0
2.79	-0.148	-0.153	8.31	8.31	8.31	8.31	3.12	3.00	0	0	0	0
2.80	-0.148	-0.153	8.63	8.31	8.63	8.31	3.23	3.12	0	0	0	0
2.81	-0.148	-0.153	8.63	8.63	8.63	8.31	2.41	3.12	0	0	0	0
2.82	-0.148	-0.153	8.31	8.63	8.31	8.31	2.29	3.00	0	0	0	0
2.83	-0.148	-0.153	8.31	8.31	8.31	8.63	3.00	2.18	0	0	0	0
2.84	-0.148	-0.153	18.67	8.31	3.29	8.63	10.29	-8.41	0	0	1	0
2.85	-0.148	-0.145	18.35	8.94	3.29	6.12	10.29	-3.35	0	0	1	0
2.86	-0.148	-0.145	17.72	12.08	2.98	2.04	10.29	4.17	0	0	1	0
2.87	-0.148	-0.137	17.10	13.65	2.98	3.61	10.29	0.65	0	0	1	0
2.88	-0.148	-0.129	15.21	13.65	2.67	3.92	8.64	-0.65	0	0	1	0
2.89	-0.148	-0.122	15.53	15.53	2.67	4.86	4.88	-2.29	0	0	1	0
2.90	-0.148	-0.114	6.43	15.53	6.43	3.92	-10.29	7.11	0	0	0	0
2.91	-0.148	-0.106	6.43	13.02	6.43	4.86	-9.11	5.12	0	0	0	0
2.92	-0.148	-0.098	5.80	4.86	5.80	6.12	6.06	1.82	0	0	0	0
2.93	-0.148	-0.082	5.18	2.04	5.18	6.74	10.17	-1.23	0	0	0	0
2.94	-0.148	-0.122	8.94	7.06	8.94	4.55	7.94	10.29	0	1	0	0
2.95	-0.148	-0.137	8.63	10.20	8.63	5.18	1.35	9.70	0	1	0	0
2.96	-0.148	-0.145	7.69	11.45	7.69	7.69	-3.00	3.23	0	1	0	0
2.97	-0.148	-0.137	7.37	10.51	7.37	9.57	-2.53	-1.47	0	1	0	0
2.98	-0.148	-0.129	6.43	8.63	6.43	8.63	-0.53	-1.82	0	1	0	0
2.99	-0.148	-0.114	6.12	8.94	6.12	8.00	-2.41	-1.23	0	1	0	0
3.00	-0.148	-0.106	5.80	8.00	5.80	7.06	-1.23	-0.76	0	1	0	0
3.01	-0.148	-0.090	5.18	7.69	5.18	7.06	-1.47	-1.82	0	0	0	0
3.02	-0.148	-0.090	5.49	7.06	5.49	7.06	-0.29	-1.35	0	0	0	0
3.03	-0.148	-0.098	6.43	6.74	6.43	6.74	1.94	0.88	0	0	0	0
3.04	-0.148	-0.106	6.74	7.06	6.74	6.74	1.94	1.71	0	0	0	0
3.05	-0.148	-0.122	16.16	7.06	2.67	6.74	10.29	-6.41	0	0	1	0
3.06	-0.148	-0.137	17.10	8.00	2.98	5.18	10.29	-3.12	0	0	1	0
3.07	-0.148	-0.145	18.04	12.39	3.29	2.98	10.29	1.82	0	0	1	0
3.08	-0.148	-0.161	19.29	15.21	3.29	2.67	10.29	3.12	0	0	1	0
3.09	-0.148	-0.184	21.80	16.16	3.92	2.98	10.29	3.35	0	0	1	0
3.10	-0.148	-0.184	20.23	15.53	3.61	3.92	10.29	0.41	0	0	1	0
3.11	-0.148	-0.184	19.61	16.47	3.29	5.18	10.29	-2.18	0	0	1	0
3.12	-0.148	-0.169	16.78	17.41	2.98	4.55	4.88	-1.71	0	0	1	0
3.13	-0.148	-0.153	15.53	18.35	2.67	3.92	0.06	-1.71	0	0	1	0
3.14	-0.148	-0.129	13.96	16.78	2.35	3.92	0.29	-2.29	0	0	1	0
3.15	-0.148	-0.114	12.70	16.78	2.04	3.61	-2.65	-2.06	0	0	1	0
3.16	-0.148	-0.098	11.14	16.16	2.04	2.98	-4.65	-1.23	0	0	1	0
3.17	-0.148	-0.082	4.24	14.59	4.24	2.04	-10.29	5.12	0	0	0	0
3.18	-0.148	-0.067	3.92	10.20	3.92	2.98	-9.11	2.76	0	0	0	0
3.19	-0.148	-0.098	7.06	3.61	7.06	3.29	10.29	9.00	0	1	0	0
3.20	-0.148	-0.129	8.63	4.55	8.63	3.61	10.29	10.29	0	1	0	0
3.21	-0.148	-0.129	6.74	8.94	6.74	5.49	-0.29	4.17	0	1	0	0
3.22	-0.148	-0.114	5.49	11.76	5.49	7.69	-9.23	-2.76	0	1	0	0
3.23	-0.148	-0.098	4.86	8.94	4.86	6.74	-5.23	-2.29	0	1	0	0
3.24	-0.148	-0.090	4.55	4.55	4.55	6.12	3.00	-1.82	0	1	0	0
3.25	-0.148	-0.106	6.43	4.86	6.43	5.18	6.41	3.82	0	1	0	0
3.26	-0.148	-0.122	7.06	4.86	7.06	4.55	7.82	6.64	0	1	0	0
3.27	-0.148	-0.137	7.69	6.74	7.69	5.49	5.35	5.82	0	1	0	0
3.28	-0.148	-0.153	7.69	8.31	7.69	6.43	2.18	4.41	0	1	0	0
3.29	-0.148	-0.161	8.00	8.63	8.00	6.43	1.71	4.88	0	1	0	0
3.30	-0.148	-0.161	8.00	8.63	8.00	7.06	1.94	3.70	0	1	0	0
3.31	-0.148	-0.169	8.31	8.31	8.31	8.00	3.12	2.65	0	0	0	0
3.32	-0.148	-0.169	8.00	8.31	8.00	7.06	3.00	4.17	0	0	0	0
3.33	-0.148	-0.169	7.69	7.69	7.69	7.69	3.70	2.53	0	0	0	0
3.34	-0.148	-0.161	16.47	7.06	2.98	8.31	10.29	-9.11	0	0	1	0
3.35	-0.148	-0.153	15.53	8.63	2.67	5.18	10.29	-3.47	0	0	1	0
3.36	-0.148	-0.145	14.90	11.76	2.67	1.73	10.29	3.23	0	0	1	0
3.37	-0.148	-0.137	14.90	11.76	2.67	2.04	10.29	2.41	0	0	1	0
3.38	-0.148	-0.145	16.78	13.96	2.98	3.61	10.29	0.06	0	0	1	0
3.39	-0.148	-0.137	13.96	14.90	2.35	3.29	3.47	-0.18	0	0	1	0
3.40	-0.148	-0.122	12.70	16.16	2.04	3.61	-1.35	-1.47	0	0	1	0
3.41	-0.148	-0.106	10.51	15.21	1.73	2.98	-5.00	-1.00	0	0	1	0
3.42	-0.148	-0.090	9.25	14.59	1.41	2.98	-6.06	-1.47	0	0	1	0
3.43	-0.148	-0.075	8.31	10.51	1.41	2.98	-0.41	-1.94	0	0	1	0
3.44	-0.148	-0.059	6.43	8.94	1.10	2.04	-1.12	-1.12	0	0	1	0
3.45	-0.148	-0.043	4.86	8.94	0.78	2.04	-4.76	-1.82	0	0	1	0
3.46	-0.148	-0.051	8.63	9.57	1.41	1.41	1.94	1.00	0	0	1	0
3.47	-0.148	-0.067	3.92	8.31	3.92	1.41	-5.35	6.41	0	0	0	0
3.48	-0.148	-0.090	5.49	8.00	5.49	1.10	-1.94	10.29	0	0	0	0
3.49	-0.148	-0.098	5.49	7.06	5.49	2.67	-0.65	7.35	0	0	0	0
3.50	-0.148	-0.106	4.86	7.06	4.86	4.55	-2.18	2.18	0	0	0	0
3.51	-0.148	-0.106	5.18	6.74	5.18	4.55	-0.88	2.88	0	0	0	0
3.52	-0.148	-0.114	11.76	6.74	2.04	4.86	10.29	-4.06	0	0	1	0
3.53	-0.148	-0.122	12.08	7.69	2.04	4.55	10.29	-3.35	0	0	1	0
3.54	-0.148	-0.129	12.70	12.08	2.04	2.98	4.17	-0.18	0	0	1	0
3.55	-0.148	-0.129	13.02	14.59	2.35	2.04	0.06	1.35	0	0	1	0
3.56	-0.148	-0.153	16.16	13.02	2.67	2.98	9.82	1.00	0	0	1	0
3.57	-0.148	-0.145	13.02	11.14	2.35	3.29	7.82	-0.88	0	0	1	0
3.58	-0.148	-0.153	14.90	13.33	2.67	3.61	7.00	-1.00	0	0	1	0
3.59	-0.148	-0.145	5.49	12.08	5.49	3.29	-9.82	5.82	0	0	0	0
3.60	-0.148	-0.137	5.18	9.88	5.18	3.29	-6.41	5.12	0	0	0	0
3.61	-0.148	-0.129	4.86	3.92	4.86	4.55	4.17	1.94	0	0	0	0
3.62	-0.148	-0.114	4.55	2.67	4.55	5.18	6.76	-0.18	0	0	0	0
3.63	-0.148	-0.129	5.80	5.18	5.80	4.86	4.41	3.59	0	1	0	0
3.64	-0.148	-0.129	5.80	7.06	5.80	2.67	0.06	8.06	0	1	0	0
3.65	-0.148	-0.137	5.80	6.74	5.80	3.61	1.12	6.29	0	1	0	0
3.66	-0.148	-0.145	6.12	7.06	6.12	6.12	0.76	2.18	0	1	0	0
3.67	-0.148	-0.145	5.80	7.06	5.80	5.18	-0.06	2.88	0	1	0	0
3.68	-0.148	-0.137	5.49	7.06	5.49	4.86	-0.41	3.59	0	1	0	0
3.69	-0.148	-0.145	6.12	6.74	6.12	4.86	1.35	4.76	0	1	0	0
3.70	-0.148	-0.153	6.43	7.06	6.43	6.12	0.88	2.88	0	1	0	0
3.71	-0.148	-0.161	6.74	6.43	6.74	6.12	3.00	3.47	0	1	0	0
3.72	-0.148	-0.161	7.06	6.74	7.06	6.43	2.76	3.23	0	1	0	0
3.73	-0.148	-0.169	7.37	6.74	7.37	6.74	3.47	3.23	0	1	0	0
3.74	-0.148	-0.176	5.18	7.06	13.65	6.43	-1.47	10.29	1	1	0	0
3.75	-0.148	-0.176	7.37	6.74	7.37	8.00	3.70	1.82	0	1	0	0
3.76	-0.148	-0.169	4.24	6.74	11.14	8.94	-2.65	7.35	1	1	0	0
3.77	-0.148	-0.153	3.92	6.43	10.51	8.94	-2.65	6.06	1	1	0	0
3.78	-0.148	-0.145	3.92	6.12	10.20	10.20	-2.41	2.76	1	1	0	0
3.79	-0.148	-0.137	3.92	5.18	10.20	11.45	-0.76	0.88	1	1	0	0
3.80	-0.148	-0.145	4.24	5.49	11.45	10.20	-0.76	5.70	1	1	0	0
3.81	-0.148	-0.137	3.92	4.86	10.51	9.88	-0.18	4.17	1	1	0	0
3.82	-0.148	-0.137	3.92	5.18	10.51	10.51	-0.88	2.88	1	1	0	0
3.83	-0.148	-0.137	5.80	4.55	5.80	10.51	4.17	-6.88	0	1	0	0
3.84	-0.148	-0.137	5.80	4.86	5.80	8.94	3.47	-4.06	0	1	0	0
3.85	-0.148	-0.137	5.80	4.86	5.80	5.49	3.35	2.65	0	1	0	0
3.86	-0.148	-0.129	5.49	6.12	5.49	4.86	0.88	4.06	0	1	0	0
3.87	-0.148	-0.161	8.00	5.49	8.00	6.43	6.88	6.06	0	1	0	0
3.88	-0.148	-0.184	8.63	6.43	8.63	6.74	6.29	6.29	0	1	0	0
3.89	-0.148	-0.208	9.57	7.69	9.57	8.00	6.41	6.41	0	1	0	0
3.90	-0.148	-0.231	10.82	7.69	10.82	8.63	8.88	7.23	0	1	0	0
3.91	-0.148	-0.216	8.00	7.06	8.00	8.31	4.17	2.41	0	1	0	0
3.92	-0.148	-0.200	8.00	8.63	8.00	9.57	1.12	0.06	0	1	0	0
3.93	-0.148	-0.192	7.69	8.31	7.69	8.94	1.12	0.06	0	0	0	0
3.94	-0.148	-0.176	7.37	8.00	7.37	8.63	1.23	0.06	0	0	0	0
3.95	-0.148	-0.169	7.06	8.00	7.06	8.63	0.41	-0.65	0	0	0	0
3.96	-0.148	-0.161	6.74	7.69	6.74	8.63	0.65	-1.35	0	0	0	0
3.97	-0.148	-0.161	7.37	7.06	7.37	8.31	2.53	0.29	0	0	0	0
3.98	-0.148	-0.161	7.37	7.06	7.37	8.31	2.65	0.41	0	0	0	0
3.99	-0.148	-0.161	16.47	7.69	2.98	7.69	10.29	-7.23	0	0	1	0
4.00	-0.148	-0.161	16.78	8.31	2.98	6.74	10.29	-5.94	0	0	1	0
4.01	-0.148	-0.169	17.72	11.14	2.98	2.98	10.29	2.06	0	0	1	0
4.02	-0.148	-0.192	21.80	13.33	3.92	2.98	10.29	3.59	0	0	1	0
4.03	-0.148	-0.200	20.86	14.59	3.61	3.61	10.29	1.71	0	0	1	0
4.04	-0.148	-0.200	9.57	15.21	9.57	3.61	-6.29	10.29	0	0	0	0
4.05	-0.148	-0.192	8.00	13.65	8.00	5.49	-6.53	7.35	0	0	0	0
4.06	-0.148	-0.176	8.00	10.20	8.00	9.57	-0.29	-0.76	0	0	0	0
4.07	-0.148	-0.145	6.12	7.06	6.12	8.31	1.94	-2.53	0	1	0	0
4.08	-0.148	-0.161	8.31	8.31	8.31	7.69	4.53	3.94	0	1	0	0
4.09	-0.148	-0.161	8.31	9.57	8.31	6.12	1.71	6.88	0	1	0	0
4.10	-0.148	-0.153	7.06	9.88	7.06	6.12	-1.35	4.65	0	1	0	0
4.11	-0.148	-0.153	5.18	9.57	13.65	6.74	-4.88	10.29	1	1	0	0
4.12	-0.148	-0.145	4.86	8.94	13.02	8.31	-5.00	10.29	1	1	0	0
4.13	-0.148	-0.137	4.86	7.69	12.39	10.51	-2.41	7.23	1	1	0	0
4.14	-0.148	-0.129	4.55	7.06	12.08	11.76	-2.06	4.17	1	1	0	0
4.15	-0.148	-0.122	4.55	6.74	11.45	11.76	-1.94	3.12	1	1	0	0
4.16	-0.148	-0.122	4.24	6.43	11.14	11.45	-1.59	3.23	1	1	0	0
4.17	-0.148	-0.114	3.92	5.18	10.82	12.08	0.06	0.41	1	1	0	0
4.18	-0.148	-0.106	3.92	5.49	10.20	11.45	-1.12	0.88	1	1	0	0
4.19	-0.148	-0.098	5.18	4.86	5.18	11.45	3.23	-9.23	0	1	0	0
4.20	-0.148	-0.098	5.18	5.18	5.18	8.94	1.82	-5.47	0	1	0	0
4.21	-0.148	-0.082	4.55	5.18	4.55	4.55	0.88	2.65	0	1	0	0
4.22	-0.148	-0.114	7.06	5.18	7.06	2.98	6.06	10.29	0	1	0	0
4.23	-0.148	-0.137	8.00	5.18	8.00	6.12	8.17	7.00	0	1	0	0
4.24	-0.148	-0.169	9.25	7.06	9.25	10.51	7.11	0.29	0	1	0	0
4.25	-0.148	-0.176	8.94	8.00	8.94	8.31	5.00	4.29	0	1	0	0
4.26	-0.148	-0.176	7.69	7.69	7.69	7.69	3.35	3.47	0	1	0	0
4.27	-0.148	-0.153	6.74	6.43	6.74	8.00	3.35	0.29	0	1	0	0
4.28	-0.148	-0.145	6.43	6.74	6.43	8.63	2.41	-1.47	0	1	0	0
4.29	-0.148	-0.153	7.69	7.06	7.69	8.94	3.82	-0.29	0	1	0	0
4.30	-0.148	-0.153	7.69	6.74	7.69	8.31	4.88	1.23	0	1	0	0
4.31	-0.148	-0.153	7.69	7.69	7.69	8.31	3.35	1.23	0	1	0	0
4.32	-0.148	-0.153	7.69	8.31	7.69	7.69	1.59	2.65	0	1	0	0
4.33	-0.148	-0.153	7.69	8.00	7.69	8.00	2.18	1.71	0	1	0	0
4.34	-0.148	-0.153	7.37	8.00	7.37	8.00	1.94	1.47	0	1	0	0
4.35	-0.148	-0.153	7.69	8.00	7.69	7.69	2.06	2.41	0	0	0	0
4.36	-0.148	-0.153	7.69	8.00	7.69	7.69	2.53	2.88	0	0	0	0
4.37	-0.148	-0.153	7.69	7.69	7.69	7.69	3.12	2.76	0	0	0	0
4.38	-0.148	-0.153	7.69	7.69	7.69	7.69	3.23	2.88	0	0	0	0
4.39	-0.148	-0.153	7.69	8.00	7.69	7.69	2.53	2.88	0	0	0	0
4.40	-0.148	-0.153	7.69	8.00	7.69	8.00	2.29	1.94	0	0	0	0
4.41	-0.148	-0.153	7.69	8.00	7.69	8.00	2.18	1.82	0	0	0	0
4.42	-0.148	-0.153	7.69	8.00	7.69	7.69	2.06	2.41	0	0	0	0
4.43	-0.148	-0.153	7.69	8.00	7.69	7.69	2.06	2.41	0	0	0	0
4.44	-0.148	-0.153	7.69	8.00	7.69	7.69	1.94	2.41	0	0	0	0
4.45	-0.148	-0.145	7.37	7.69	7.37	7.69	2.65	2.29	0	0	0	0
4.46	-0.148	-0.145	7.37	7.69	7.37	7.69	2.65	2.29	0	0	0	0
4.47	-0.148	-0.145	7.37	8.00	7.37	7.69	1.71	2.18	0	0	0	0
4.48	-0.148	-0.145	16.47	8.00	2.98	7.69	10.29	-7.23	0	0	1	0
4.49	-0.148	-0.145	16.16	8.94	2.98	6.12	10.29	-4.41	0	0	1	0
4.50	-0.148	-0.137	16.16	12.39	2.67	2.98	10.29	1.47	0	0	1	0
4.51	-0.148	-0.145	17.41	14.59	2.98	2.98	10.29	2.06	0	0	1	0
4.52	-0.148	-0.145	7.06	13.96	7.06	3.92	-10.05	7.94	0	0	0	0
4.53	-0.148	-0.137	7.37	12.39	7.37	4.86	-6.88	7.11	0	1	0	0
4.54	-0.148	-0.129	6.43	5.49	6.43	7.06	5.00	0.53	0	1	0	0
4.55	-0.148	-0.122	5.80	3.61	5.80	8.00	8.17	-1.82	0	1	0	0
4.56	-0.148	-0.098	4.55	6.74	4.55	5.49	-1.00	-0.29	0	1	0	0
4.57	-0.148	-0.098	5.80	8.63	5.80	3.92	-2.41	5.47	0	1	0	0
4.58	-0.148	-0.106	6.12	8.63	6.12	3.92	-2.06	6.17	0	1	0	0
4.59	-0.148	-0.114	4.24	7.69	11.45	5.49	-3.35	10.29	1	1	0	0
4.60	-0.148	-0.122	4.55	7.06	12.08	7.06	-2.29	10.29	1	1	0	0
4.61	-0.148	-0.114	3.92	6.74	10.51	9.57	-2.88	5.47	1	1	0	0
4.62	-0.148	-0.106	3.61	6.74	9.25	10.51	-4.29	0.18	1	1	0	0
4.63	-0.148	-0.098	3.61	5.49	9.25	10.20	-2.18	0.88	1	1	0	0
4.64	-0.148	-0.098	3.61	5.18	9.25	10.20	-1.35	1.12	1	1	0	0
4.65	-0.148	-0.098	3.61	4.55	9.57	9.88	0.18	2.41	1	1	0	0
4.66	-0.148	-0.098	3.61	3.92	9.57	9.57	1.00	3.35	1	1	0	0
4.67	-0.148	-0.106	3.61	3.92	9.57	9.57	0.88	3.35	1	1	0	0
4.68	-0.148	-0.106	3.61	3.92	9.88	9.88	1.00	2.76	1	1	0	0
4.69	-0.148	-0.106	3.61	3.92	9.88	9.88	0.88	2.76	1	1	0	0
4.70	-0.148	-0.114	3.92	3.61	9.88	10.20	1.82	2.29	1	1	0	0
4.71	-0.148	-0.114	3.92	3.29	10.20	9.57	2.76	4.17	1	1	0	0
4.72	-0.148	-0.122	3.92	3.92	10.51	10.51	1.47	2.53	1	1	0	0
4.73	-0.148	-0.122	5.80	3.61	5.80	10.51	6.41	-6.76	0	1	0	0
4.74	-0.148	-0.129	6.12	4.55	6.12	8.63	5.35	-2.65	0	1	0	0
4.75	-0.148	-0.137	6.43	5.18	6.43	6.43	4.53	2.41	0	1	0	0
4.76	-0.148	-0.161	8.63	6.74	8.63	6.74	5.94	6.17	0	1	0	0
4.77	-0.148	-0.192	9.57	6.74	9.57	6.43	8.17	9.23	0	1	0	0
4.78	-0.148	-0.224	10.82	7.69	10.82	8.63	9.35	7.11	0	0	0	0
4.79	-0.148	-0.224	9.57	6.74	9.57	9.88	8.64	2.41	0	0	0	0
4.80	-0.148	-0.208	18.04	9.57	3.29	9.88	10.29	-10.29	0	0	1	0
4.81	-0.148	-0.192	17.41	11.14	2.98	7.06	10.29	-6.06	0	0	1	0
4.82	-0.148	-0.161	13.65	11.14	2.35	2.04	9.94	2.53	0	0	1	0
4.83	-0.148	-0.153	14.90	13.02	2.67	1.73	8.76	3.82	0	0	1	0
4.84	-0.148	-0.137	13.65	13.96	2.35	3.29	3.47	0.06	0	0	1	0
4.85	-0.148	-0.145	15.53	13.96	2.67	3.92	7.35	-0.76	0	0	1	0
4.86	-0.148	-0.137	13.96	13.65	2.35	4.55	5.35	-2.18	0	0	1	0
4.87	-0.430	-0.129	-40.00	14.59	-8.00	3.29	-10.29	-10.29	1	1	1	1
4.88	-0.430	-0.122	-6.43	12.08	-6.43	1.10	-10.29	-10.29	1	1	1	1
4.89	-0.430	-0.114	-7.06	4.55	-7.06	-3.29	-10.29	-7.35	1	1	1	1
4.90	-0.430	-0.145	-4.86	-1.73	-4.86	-5.49	-8.88	1.47	1	1	1	1
4.91	-0.430	-0.192	-2.35	-0.47	-2.35	-6.12	-6.41	7.35	1	1	1	1
4.92	-0.430	-0.239	-0.47	-3.29	-0.47	-4.55	2.88	8.41	1	1	1	1
4.93	-0.430	-0.278	-0.47	-3.92	-0.47	-1.41	4.76	2.41	1	1	1	1
4.94	-0.430	-0.333	2.04	-3.61	2.04	0.47	10.29	3.70	1	1	1	1
4.95	-0.430	-0.373	2.67	0.16	2.67	-0.47	3.94	8.17	1	1	1	1
4.96	-0.430	-0.420	4.24	4.55	4.24	0.16	-1.94	9.47	1	1	1	1
4.97	-0.430	-0.475	6.74	3.61	6.74	2.67	4.88	10.29	1	1	1	1
4.98	-0.430	-0.506	7.06	1.10	7.06	6.12	10.29	4.17	1	1	1	1
4.99	-0.430	-0.537	8.31	3.29	8.31	7.69	9.47	3.35	1	1	1	1
5.00	-0.430	-0.569	9.57	5.18	9.57	6.74	8.17	7.35	1	1	1	1
5.01	-0.430	-0.592	10.51	6.43	10.51	7.69	8.29	8.17	1	1	1	1
5.02	-0.430	-0.639	13.02	6.12	13.02	8.00	10.29	10.29	1	1	1	1
5.03	-0.430	-0.655	13.02	7.06	13.02	8.00	10.29	10.29	1	1	1	1
5.04	-0.430	-0.663	12.70	9.57	12.70	11.45	7.82	5.82	1	1	1	1
5.05	-0.430	-0.663	13.33	10.51	13.33	11.76	6.88	6.29	1	1	1	1
5.06	-0.430	-0.671	13.65	9.88	13.65	11.14	9.35	8.64	0	0	0	1
5.07	-0.430	-0.663	13.33	9.88	13.33	11.14	9.35	8.64	0	0	0	1
5.08	-0.430	-0.655	13.02	11.14	13.02	11.76	6.41	6.29	0	0	0	1
5.09	-0.430	-0.647	13.33	11.45	13.33	12.08	6.64	6.53	0	0	0	1
5.10	-0.430	-0.639	13.33	10.51	13.33	11.45	8.41	8.17	0	0	0	1
5.11	-0.430	-0.631	13.33	11.14	13.33	11.76	7.23	7.00	0	0	0	1
5.12	-0.430	-0.616	13.02	11.45	13.02	11.76	6.29	6.88	0	0	0	1
5.13	-0.430	-0.608	12.08	11.14	12.08	11.76	5.00	4.65	0	0	0	1
5.14	-0.430	-0.592	11.76	11.14	11.76	11.45	5.00	5.35	0	0	0	1
5.15	-0.430	-0.584	12.08	10.20	12.08	11.14	6.76	6.29	0	0	0	1
5.16	-0.430	-0.584	11.45	10.51	11.45	11.45	5.12	4.65	0	0	0	1
5.17	-0.430	-0.576	11.45	10.20	11.45	10.20	5.70	6.76	0	0	0	1
5.18	-0.430	-0.576	11.76	10.20	11.76	11.14	6.88	6.29	0	0	0	1
5.19	-0.430	-0.569	11.76	9.88	11.76	10.20	7.70	7.94	0	0	0	1
5.20	-0.430	-0.569	11.14	9.88	11.14	10.51	6.17	5.47	0	0	0	1
5.21	-0.430	-0.561	11.14	10.51	11.14	10.20	4.65	6.41	0	0	0	1
5.22	-0.430	-0.561	11.14	9.88	11.14	10.51	6.41	5.70	0	0	0	1
5.23	-0.430	-0.553	11.45	9.57	11.45	10.20	7.82	7.11	0	0	0	1
5.24	-0.430	-0.553	10.51	10.20	10.51	10.20	4.76	5.59	0	0	0	1
5.25	-0.430	-0.545	10.51	9.88	10.51	10.20	5.47	5.47	0	0	0	1
5.26	-0.430	-0.545	10.20	9.57	10.20	9.57	6.06	6.88	0	0	0	1
5.27	-0.430	-0.545	10.82	9.57	10.82	10.20	7.11	6.29	0	0	0	1
5.28	-0.430	-0.537	10.20	9.88	10.20	10.20	5.00	5.00	0	0	0	1
5.29	-0.430	-0.537	10.20	9.88	10.20	9.88	4.88	5.59	0	0	0	1
5.30	-0.430	-0.537	10.51	8.94	10.51	9.88	7.35	6.53	0	0	0	1
5.31	-0.430	-0.537	10.51	9.57	10.51	8.94	6.53	7.94	0	0	0	1
5.32	-0.430	-0.537	10.20	9.57	10.20	9.88	5.82	5.70	0	0	0	1
5.33	-0.430	-0.529	9.88	9.57	9.88	9.88	5.59	5.35	0	0	0	1
5.34	-0.430	-0.529	9.88	9.57	9.88	8.94	5.70	7.11	0	0	0	1
5.35	-0.430	-0.522	9.88	8.63	9.88	9.88	7.47	5.70	0	0	0	1
5.36	-0.430	-0.522	9.88	8.94	9.88	9.88	6.64	5.59	0	0	0	1
5.37	-0.430	-0.522	9.25	9.57	9.25	8.94	4.76	6.06	0	0	0	1
5.38	-0.430	-0.514	8.94	8.94	8.94	9.88	4.65	3.59	0	0	0	1
5.39	-0.430	-0.506	8.94	8.94	8.94	8.94	4.53	5.00	0	0	0	1
5.40	-0.430	-0.506	9.25	8.94	9.25	8.94	5.35	5.82	0	0	0	1
5.41	-0.430	-0.498	9.25	8.31	9.25	8.31	6.53	7.00	0	0	0	1
5.42	-0.430	-0.498	9.25	8.31	9.25	8.63	6.88	6.53	0	0	0	1
5.43	-0.430	-0.490	8.31	8.63	8.31	8.63	4.41	4.88	0	0	0	1
5.44	-0.430	-0.490	8.31	8.31	8.31	8.94	5.00	3.82	0	0	0	1
5.45	-0.430	-0.482	8.00	8.31	8.00	8.31	4.53	4.88	0	0	0	1
5.46	-0.430	-0.475	8.00	8.00	8.00	8.31	5.47	5.00	0	0	0	1
5.47	-0.430	-0.475	8.00	7.69	8.00	8.31	6.06	4.76	0	0	0	1
5.48	-0.430	-0.467	8.00	7.69	8.00	7.69	6.06	6.29	0	0	0	1
5.49	-0.430	-0.467	7.69	7.69	7.69	8.00	5.70	5.12	0	0	0	1
5.50	-0.430	-0.459	7.37	8.00	7.37	8.00	4.06	4.29	0	0	0	1
5.51	-0.430	-0.451	7.06	7.06	7.06	7.69	4.65	4.06	0	0	0	1
5.52	-0.430	-0.451	7.06	6.74	7.06	7.69	5.94	4.53	0	0	0	1
5.53	-0.430	-0.451	7.06	5.18	7.06	7.06	9.00	5.12	0	0	0	1
5.54	-0.430	-0.451	7.06	5.49	7.06	6.43	8.29	6.64	0	0	0	1
5.55	-0.430	-0.435	6.12	7.06	6.12	6.74	3.47	4.17	0	0	0	1
5.56	-0.430	-0.427	5.80	7.69	5.80	6.12	1.59	4.76	0	0	0	1
5.57	-0.430	-0.412	5.18	6.74	5.18	6.12	1.71	3.35	0	0	0	1
5.58	-0.430	-0.396	4.24	6.12	4.24	6.12	1.47	1.59	0	0	0	1
5.59	-0.430	-0.380	3.92	6.12	3.92	5.18	0.53	2.29	0	0	0	1
5.60	-0.430	-0.365	3.29	5.18	3.29	4.55	0.88	2.65	0	0	0	1
5.61	-0.430	-0.357	2.98	3.92	2.98	4.55	2.18	1.71	0	0	0	1
5.62	-0.430	-0.341	2.35	3.92	2.35	3.29	1.00	2.88	0	0	0	1
5.63	-0.430	-0.333	2.04	3.61	2.04	2.98	0.88	2.76	0	0	0	1
5.64	-0.430	-0.325	1.73	2.98	1.73	2.67	1.71	2.88	0	0	0	1
5.65	-0.430	-0.318	1.41	2.67	1.41	2.67	1.59	1.94	0	0	0	1
5.66	-0.430	-0.310	1.10	2.67	1.10	2.04	0.76	1.94	0	0	0	1
5.67	-0.430	-0.302	0.47	1.73	0.47	1.41	1.35	2.65	0	0	0	1
5.68	-0.430	-0.302	0.47	1.41	0.47	1.73	1.71	1.35	0	0	0	1
5.69	-0.430	-0.294	0.16	1.10	0.16	0.47	1.71	3.00	0	0	0	1
5.70	-0.430	-0.294	0.16	1.41	0.16	1.10	0.53	1.82	0	0	0	1
5.71	-0.430	-0.294	-0.16	0.47	-0.16	0.16	1.23	2.53	0	0	0	1
5.72	-0.430	-0.294	-0.16	0.16	-0.16	0.16	2.53	3.00	0	0	0	1
5.73	-0.430	-0.294	-0.16	0.16	-0.16	0.16	2.41	3.00	0	0	0	1
5.74	-0.430	-0.294	-0.47	-0.16	-0.47	0.16	2.88	2.53	0	0	0	1
5.75	-0.430	-0.294	-0.78	0.16	-0.78	0.16	1.47	1.94	0	0	0	1
5.76	-0.430	-0.294	-1.10	0.16	-1.10	0.16	0.76	1.23	0	0	0	1
5.77	-0.430	-0.294	-1.10	0.16	-1.10	0.16	0.41	0.88	0	0	0	1
5.78	-0.430	-0.294	-1.41	-0.16	-1.41	-0.16	0.65	1.12	0	0	0	1
5.79	-0.430	-0.302	-1.10	-0.16	-1.10	-0.16	1.12	1.59	0	0	0	1
5.80	-0.430	-0.310	-0.78	-0.16	-0.78	-0.16	1.94	2.41	0	0	0	1
5.81	-0.430	-0.318	-0.47	-0.16	-0.47	0.16	2.41	2.06	0	0	0	1
5.82	-0.430	-0.333	-0.16	0.16	-0.16	0.16	1.23	2.53	0	0	0	1
5.83	-0.430	-0.341	0.16	0.16	0.16	0.16	3.00	3.47	0	0	0	1
5.84	-0.430	-0.357	0.47	0.16	0.47	0.16	4.17	3.82	0	0	0	1
5.85	-0.430	-0.373	0.47	0.47	0.47	0.16	2.76	4.06	0	0	0	1
5.86	-0.430	-0.380	0.47	0.47	0.47	0.47	2.53	3.00	0	0	0	1
5.87	-0.430	-0.380	0.47	0.47	0.47	1.10	2.53	2.18	0	0	0	1
5.88	-0.430	-0.380	0.47	0.47	0.47	1.10	2.29	1.94	0	0	0	1
5.89	-0.430	-0.388	0.16	0.47	0.16	0.47	2.06	2.53	0	0	0	1
5.90	-0.430	-0.388	0.16	1.10	0.16	1.10	1.00	1.47	0	0	0	1
5.91	-0.430	-0.388	0.16	1.10	0.16	1.41	0.88	0.53	0	0	0	1
5.92	-0.430	-0.380	0.16	1.10	0.16	1.10	0.18	0.53	0	0	0	1
5.93	-0.430	-0.380	-0.16	0.16	-0.16	1.10	0.76	-0.29	0	0	0	1
5.94	-0.430	-0.373	-0.47	0.16	-0.47	1.41	1.00	-1.71	0	0	0	1
5.95	-0.430	-0.373	-0.16	0.16	-0.16	1.10	1.59	-0.53	0	0	0	1
5.96	-0.430	-0.373	-0.78	0.16	-0.78	1.10	-0.29	-1.82	0	0	0	1
5.97	-0.430	-0.365	-0.78	0.16	-0.78	1.10	-0.29	-1.94	0	0	0	1
5.98	-0.430	-0.357	-1.41	0.16	-1.41	0.47	-1.82	-2.65	0	0	0	1
5.99	-0.430	-0.357	-1.73	-0.16	-1.73	0.16	-0.76	-2.41	0	0	0	1
6.00	-0.430	-0.349	-1.73	0.16	-1.73	0.16	-1.82	-1.94	0	0	0	1
6.01	-0.430	-0.349	-1.73	0.16	-1.73	-0.16	-2.41	-1.71	0	0	0	1
6.02	-0.430	-0.349	-2.35	0.16	-2.35	0.16	-3.23	-3.35	0	0	0	1
6.03	-0.430	-0.341	-2.67	-0.16	-2.67	-0.16	-3.47	-3.47	0	0	0	1
6.04	-0.430	-0.333	-2.98	-0.16	-2.98	0.16	-4.06	-5.00	0	0	0	1
6.05	-0.430	-0.333	-2.98	0.16	-2.98	-0.47	-5.59	-4.06	0	0	0	1
6.06	-0.430	-0.333	-3.29	-1.41	-3.29	-0.47	-2.76	-4.41	0	0	0	1
6.07	-0.430	-0.325	-3.61	-2.04	-3.61	-0.47	-1.94	-5.35	0	0	0	1
6.08	-0.430	-0.325	-3.92	-2.67	-3.92	-1.10	-1.94	-5.47	0	0	0	1
6.09	-0.430	-0.325	-3.92	-2.67	-3.92	-1.73	-2.18	-4.17	0	0	0	1
6.10	-0.430	-0.325	-3.92	-2.67	-3.92	-1.73	-2.53	-4.65	0	0	0	1
6.11	-0.430	-0.325	-4.23	-2.98	-4.23	-2.04	-2.18	-4.29	0	0	0	1
6.12	-0.430	-0.325	-4.23	-2.98	-4.23	-2.67	-2.53	-3.82	0	0	0	1
6.13	-0.430	-0.325	-4.23	-2.98	-4.23	-2.04	-3.00	-5.12	0	0	0	1
6.14	-0.430	-0.325	-4.55	-3.29	-4.55	-2.67	-2.41	-4.65	0	0	0	1
6.15	-0.430	-0.325	-4.55	-3.29	-4.55	-2.67	-2.53	-4.88	0	0	0	1
6.16	-0.430	-0.325	-4.55	-3.61	-4.55	-2.98	-2.18	-4.53	0	0	0	1
6.17	-0.430	-0.333	-4.55	-2.98	-4.55	-2.98	-3.47	-4.29	0	0	0	1
6.18	-0.430	-0.341	-4.23	-2.67	-4.23	-2.98	-4.29	-4.29	0	0	0	1
6.19	-0.430	-0.341	-4.55	-2.98	-4.55	-3.61	-3.70	-2.88	0	0	0	1
6.20	-0.430	-0.349	-4.55	-2.98	-4.55	-2.98	-3.82	-4.53	0	0	0	1
6.21	-0.430	-0.349	-4.55	-2.98	-4.55	-3.61	-4.17	-3.35	0	0	0	1
6.22	-0.430	-0.349	-4.55	-2.04	-4.55	-3.29	-6.06	-4.29	0	0	0	1
6.23	-0.430	-0.349	-4.86	-2.98	-4.86	-2.98	-5.00	-5.59	0	0	0	1
6.24	-0.430	-0.349	-4.86	-2.98	-4.86	-3.61	-5.12	-4.06	0	0	0	1
6.25	-0.430	-0.357	-4.55	-2.98	-4.55	-3.61	-4.88	-3.82	0	0	0	1
6.26	-0.430	-0.365	-4.55	-3.61	-4.55	-3.61	-3.23	-3.70	0	0	0	1
6.27	-0.430	-0.365	-4.55	-2.98	-4.55	-3.29	-5.00	-4.65	0	0	0	1
6.28	-0.430	-0.365	-4.55	-2.98	-4.55	-3.61	-5.35	-4.17	0	0	0	1
6.29	-0.430	-0.365	-4.86	-3.29	-4.86	-3.61	-5.00	-4.53	0	0	0	1
6.30	-0.430	-0.365	-4.86	-2.98	-4.86	-3.61	-6.17	-4.88	0	0	0	1
6.31	-0.430	-0.365	-5.18	-3.29	-5.18	-3.29	-6.06	-6.29	0	0	0	1
6.32	-0.430	-0.365	-5.18	-3.61	-5.18	-3.92	-5.70	-5.23	0	0	0	1
6.33	-0.430	-0.357	-5.49	-3.61	-5.49	-4.55	-6.53	-5.12	0	0	0	1
6.34	-0.430	-0.357	-5.80	-4.86	-5.80	-3.92	-4.65	-6.41	0	0	0	1
6.35	-0.430	-0.349	-6.12	-5.18	-6.12	-4.86	-4.65	-5.70	0	0	0	1
6.36	-0.430	-0.349	-6.43	-6.12	-6.43	-4.55	-3.70	-7.11	0	0	0	1
6.37	-0.430	-0.341	-6.74	-6.12	-6.74	-4.55	-4.06	-7.70	0	0	0	1
6.38	-0.430	-0.341	-6.74	-6.12	-6.74	-5.49	-4.53	-5.82	0	0	0	1
6.39	-0.430	-0.341	-7.06	-6.43	-7.06	-5.49	-4.17	-6.29	0	0	0	1
6.40	-0.430	-0.333	-7.37	-6.43	-7.37	-5.18	-5.00	-7.94	0	0	0	1
6.41	-0.430	-0.333	-7.37	-6.74	-7.37	-5.49	-4.53	-7.70	0	0	0	1
6.42	-0.430	-0.333	-7.69	-6.12	-7.69	-6.43	-6.41	-6.41	0	0	0	1
6.43	-0.430	-0.333	-7.69	-7.06	-7.69	-6.12	-4.53	-7.70	0	0	0	1
6.44	-0.430	-0.325	-8.00	-7.69	-8.00	-6.43	-4.53	-7.70	0	0	0	1
6.45	-0.430	-0.325	-8.31	-7.69	-8.31	-6.43	-4.65	-8.06	0	0	0	1
6.46	-0.430	-0.325	-8.31	-7.69	-8.31	-6.74	-4.76	-7.47	0	0	0	1
6.47	-0.430	-0.333	-8.31	-7.69	-8.31	-7.06	-5.00	-6.88	0	0	0	1
6.48	-0.430	-0.333	-8.31	-7.69	-8.31	-7.06	-5.23	-7.23	0	0	0	1
6.49	-0.430	-0.333	-8.63	-7.69	-8.63	-7.06	-5.94	-7.94	0	0	0	1
6.50	-0.430	-0.325	-8.94	-7.69	-8.94	-7.06	-6.53	-8.53	0	0	0	1
6.51	-0.430	-0.325	-9.25	-8.31	-9.25	-8.00	-5.82	-7.82	0	0	0	1
6.52	-0.430	-0.325	-9.57	-8.63	-9.57	-8.31	-5.47	-7.59	0	0	0	1
6.53	-0.430	-0.318	-9.88	-9.57	-9.88	-8.63	-4.53	-7.35	0	0	0	1
6.54	-0.430	-0.318	-9.88	-9.88	-9.88	-8.31	-4.29	-8.88	0	0	0	1
6.55	-0.430	-0.318	-10.20	-9.88	-10.20	-8.94	-4.53	-7.59	0	0	0	1
6.56	-0.430	-0.318	-10.20	-10.20	-10.20	-9.88	-3.94	-6.29	0	0	0	1
6.57	-0.430	-0.318	-10.20	-10.20	-10.20	-9.57	-4.17	-7.35	0	0	0	1
6.58	-0.430	-0.318	-10.20	-9.88	-10.20	-8.94	-4.88	-8.17	0	0	0	1
6.59	-0.430	-0.325	-10.51	-11.14	-10.51	-8.63	-2.88	-9.35	0	0	0	1
6.60	-0.430	-0.325	-10.20	-11.14	-10.20	-8.94	-2.29	-8.17	0	0	0	1
6.61	-0.430	-0.333	-10.20	-10.51	-10.20	-9.88	-3.00	-6.64	0	0	0	1
6.62	-0.430	-0.333	-10.51	-10.51	-10.51	-9.57	-3.35	-7.94	0	0	0	1
6.63	-0.430	-0.341	-10.51	-10.51	-10.51	-8.63	-3.59	-9.82	0	0	0	1
6.64	-0.430	-0.333	-10.82	-10.51	-10.82	-9.88	-4.53	-8.41	0	0	0	1
6.65	-0.430	-0.333	-11.14	-10.51	-11.14	-9.88	-4.88	-8.88	0	0	0	1
6.66	-0.430	-0.325	-11.76	-11.45	-11.76	-10.51	-4.41	-8.53	0	0	0	1
6.67	-0.430	-0.325	-11.76	-10.51	-11.76	-10.51	-6.41	-9.00	0	0	0	1
6.68	-0.430	-0.318	-12.08	-11.76	-12.08	-10.51	-5.00	-9.82	0	0	0	1
6.69	-0.430	-0.318	-12.39	-11.76	-12.39	-11.45	-5.59	-9.00	0	0	0	1
6.70	-0.430	-0.318	-12.39	-12.08	-12.39	-12.08	-4.65	-7.23	0	0	0	1
6.71	-0.430	-0.310	-13.02	-13.02	-13.02	-12.08	-4.06	-8.29	0	0	0	1
6.72	-0.430	-0.310	-12.70	-13.02	-12.70	-11.76	-3.94	-9.11	0	0	0	1
6.73	-0.430	-0.310	-13.02	-13.02	-13.02	-11.76	-4.41	-9.58	0	0	0	1
6.74	-0.430	-0.310	-13.33	-13.02	-13.33	-13.02	-4.88	-7.70	0	0	0	1
6.75	-0.430	-0.310	-13.96	-13.02	-13.96	-13.02	-6.29	-9.23	0	0	0	1
6.76	-0.430	-0.294	-14.90	-12.08	-14.90	-13.02	-9.82	-10.29	0	0	0	1
6.77	-0.430	-0.294	-14.90	-13.96	-14.90	-13.96	-6.17	-9.00	0	0	0	1
6.78	-0.430	-0.294	-14.59	-15.53	-14.59	-14.90	-2.65	-7.00	0	0	0	1
6.79	-0.430	-0.294	-14.90	-15.21	-14.90	-14.90	-3.94	-7.70	0	0	0	1
6.80	-0.430	-0.286	-15.53	-15.21	-15.53	-13.65	-4.88	-10.29	0	0	0	1
6.81	-0.430	-0.278	-16.47	-14.90	-16.47	-12.39	-7.59	-10.29	0	0	0	1
6.82	-0.430	-0.263	-17.41	-15.53	-17.41	-14.59	-8.29	-10.29	0	0	0	1
6.83	-0.430	-0.247	-18.35	-16.16	-18.35	-14.59	-9.35	-10.29	0	0	0	1
6.84	-0.430	-0.231	-18.98	-17.10	-18.98	-16.16	-9.00	-10.29	0	0	0	1
6.85	-0.430	-0.224	-19.61	-17.41	-19.61	-16.78	-9.35	-10.29	0	0	0	1
6.86	-0.430	-0.208	-19.92	-18.67	-19.92	-18.04	-7.59	-10.29	0	0	0	1
6.87	-0.430	-0.192	-19.92	-18.67	-19.92	-18.35	-7.70	-10.29	0	0	0	1
6.88	-0.430	-0.176	-19.92	-19.61	-19.92	-19.61	-6.17	-9.82	0	0	0	1
6.89	-0.430	-0.161	-19.92	-19.92	-19.92	-19.92	-5.35	-9.11	0	0	0	1
6.90	-0.430	-0.145	-19.92	-19.61	-19.92	-19.92	-6.17	-9.11	0	0	0	1
6.91	-0.430	-0.129	-19.92	-19.92	-19.92	-19.61	-5.47	-9.94	0	0	0	1
6.92	-0.430	-0.122	-19.92	-20.23	-19.92	-18.98	-4.65	-10.29	0	0	0	1
6.93	-0.430	-0.114	-19.92	-19.92	-19.92	-19.92	-5.35	-9.23	0	0	0	1
6.94	-0.430	-0.106	-19.92	-20.23	-19.92	-20.23	-4.65	-8.41	0	0	0	1
6.95	-0.430	-0.098	-19.92	-19.92	-19.92	-20.23	-5.35	-8.29	0	0	0	1
6.96	-0.430	-0.090	-19.92	-19.92	-19.92	-18.98	-5.35	-10.29	0	0	0	1
6.97	-0.430	-0.090	-19.92	-19.92	-19.92	-18.98	-5.35	-10.29	0	0	0	1
6.98	-0.430	-0.098	-19.92	-20.23	-19.92	-19.61	-4.53	-10.05	0	0	0	1
6.99	-0.430	-0.106	-19.92	-20.23	-19.92	-19.92	-4.53	-9.23	0	0	0	1
7.00	-0.430	-0.114	-19.92	-19.92	-19.92	-18.98	-5.35	-10.29	0	0	0	1
7.01	-0.430	-0.129	-19.92	-19.92	-19.92	-18.67	-5.35	-10.29	0	0	0	1
7.02	-0.430	-0.153	-19.92	-20.23	-19.92	-19.61	-4.53	-10.17	0	0	0	1
7.03	-0.430	-0.176	-19.92	-19.92	-19.92	-19.61	-5.23	-10.29	0	0	0	1
7.04	-0.430	-0.192	-19.92	-18.98	-19.92	-20.23	-6.88	-8.64	0	0	0	1
7.05	-0.430	-0.200	-19.92	-20.23	-19.92	-19.92	-4.53	-9.47	0	0	0	1
7.06	-0.430	-0.208	-19.92	-20.23	-19.92	-18.98	-4.53	-10.29	0	0	0	1
7.07	-0.430	-0.216	-19.92	-18.35	-19.92	-18.35	-8.53	-10.29	0	0	0	1
7.08	-0.430	-0.216	-19.92	-18.67	-19.92	-18.35	-7.82	-10.29	0	0	0	1
7.09	-0.430	-0.208	-19.92	-19.61	-19.92	-18.35	-6.29	-10.29	0	0	0	1
7.10	-0.430	-0.192	-19.92	-18.98	-19.92	-18.98	-7.11	-10.29	0	0	0	1
7.11	-0.430	-0.184	-19.92	-19.92	-19.92	-18.98	-5.59	-10.29	0	0	0	1
7.12	-0.430	-0.176	-19.92	-19.92	-19.92	-19.61	-5.59	-10.29	0	0	0	1
7.13	-0.430	-0.176	-19.92	-18.98	-19.92	-18.67	-7.23	-10.29	0	0	0	1
7.14	-0.430	-0.169	-19.92	-20.55	-19.92	-19.61	-4.06	-10.29	0	0	0	1
7.15	-0.430	-0.176	-19.92	-19.92	-19.92	-19.61	-5.59	-10.29	0	0	0	1
7.16	-0.430	-0.176	-19.92	-19.92	-19.92	-19.61	-5.59	-10.29	0	0	0	1
7.17	-0.430	-0.176	-19.92	-19.92	-19.92	-19.61	-5.59	-10.29	0	0	0	1
7.18	-0.430	-0.176	-19.92	-18.98	-19.92	-18.98	-7.11	-10.29	0	0	0	1
7.19	-0.430	-0.184	-19.92	-20.23	-19.92	-19.61	-4.88	-10.29	0	0	0	1
7.20	-0.430	-0.192	-19.92	-20.23	-19.92	-18.67	-4.76	-10.29	0	0	0	1
7.21	-0.430	-0.208	-19.92	-19.92	-19.92	-18.35	-5.59	-10.29	0	0	0	1
7.22	-0.430	-0.208	-19.92	-18.98	-19.92	-17.41	-7.11	-10.29	0	0	0	1
7.23	-0.430	-0.208	-19.92	-18.98	-19.92	-17.41	-7.23	-10.29	0	0	0	1
7.24	-0.430	-0.200	-19.92	-19.61	-19.92	-17.41	-6.53	-10.29	0	0	0	1
7.25	-0.430	-0.200	-19.92	-18.98	-19.92	-14.59	-7.35	-10.29	0	0	0	1
7.26	-0.430	-0.184	-19.92	-7.06	-19.92	-12.39	-10.29	-10.29	0	0	0	1
7.27	-0.430	-0.176	-19.92	0.16	-19.92	-10.20	-10.29	-10.29	0	0	0	1
7.28	-0.430	-0.169	-19.92	0.16	-19.92	-8.94	-10.29	-10.29	0	0	0	1
